203
110
230
1825
424
900
371
171
103
452
596
283
470
189
229
1444
239
152
128
372
145
595
206
87
430
147
895
135
176
371
1389
290
840
906
250
1028
395
460
629
411
396
681
288
278
599
999
220
382
1654
254
678
330
439
248
618
253
149
169
351
369
169
180
159
491
448
675
397
275
319
368
477
767
139
143
1768
611
461
277
581
423
150
155
1043
212
451
775
343
394
433
187
809
332
464
248
153
438
314
415
284
475
208
462
429
99
338
169
269
180
187
242
602
315
612
310
833
470
208
525
334
153
230
514
144
705
1097
286
560
377
262
1245
392
488
350
231
184
627
252
373
1207
757
682
1235
399
590
189
243
382
155
153
981
170
338
497
319
467
556
751
710
285
156
249
246
173
901
309
345
317
242
406
211
236
237
820
167
293
230
454
450
139
647
366
700
261
322
242
229
415
208
291
276
112
706
238
192
401
295
256
591
247
578
385
359
1866
139
971
755
253
553
139
497
153
172
145
150
378
144
1075
558
145
529
122
300
903
523
242
226
198
493
118
928
783
150
131
151
251
416
252
324
414
112
356
79
399
655
206
224
267
497
231
830
190
549
194
81
414
779
666
952
189
476
114
390
723
820
425
366
257
1605
131
335
233
390
415
675
243
520
145
228
345
184
254
811
329
328
188
582
268
341
1329
507
424
93
175
263
593
406
136
300
1565
141
199
564
387
223
176
284
251
777
166
298
492
207
177
425
338
628
329
162
502
174
893
318
332
140
170
239
244
415
767
438
650
287
1278
373
199
404
504
581
297
770
319
105
142
161
283
161
112
351
158
373
378
92
89
205
292
703
336
840
1389
973
525
802
334
155
574
285
204
176
1051
170
125
392
175
400
264
502
134
254
136
120
611
632
488
545
200
228
831
466
250
646
193
241
283
349
229
173
372
260
569
253
514
354
277
211
757
821
492
222
349
670
133
185
390
235
121
231
265
221
263
206
314
227
499
276
558
519
368
254
533
339
138
365
876
233
401
291
455
620
308
280
341
147
253
354
233
161
113
85
392
407
782
643
88
376
1002
684
438
266
832
298
929
828
235
211
326
403
278
158
274
341
281
174
450
263
675
237
185
209
488
272
465
333
388
717
197
93
756
328
330
315
557
880
962
168
638
617
464
892
152
201
283
256
242
196
168
162
123
597
531
451
653
1477
500
326
224
218
839
350
177
406
712
689
457
1019
1168
476
137
270
498
269
142
164
430
1259
357
169
540
183
430
232
601
297
153
191
157
153
747
506
924
252
398
161
782
423
312
943
488
514
841
229
714
104
430
516
657
368
1270
300
999
238
197
469
189
546
252
395
203
433
1076
195
277
443
217
232
1336
601
220
445
144
317
515
496
660
261
324
238
719
347
128
214
206
252
778
379
1761
732
338
440
144
123
355
111
516
220
191
131
192
252
192
523
611
187
161
799
355
814
299
702
239
670
225
1127
239
544
574
263
296
1477
177
542
806
439
452
1193
364
277
233
1216
234
480
357
236
311
567
268
405
325
193
175
429
389
1045
184
240
346
544
543
100
424
597
487
399
94
190
308
119
469
171
276
384
961
180
496
469
227
329
558
244
624
340
245
221
437
997
483
210
148
377
525
1549
155
278
789
97
259
232
316
906
277
203
239
225
219
583
270
182
634
557
132
522
190
275
559
359
599
305
529
341
265
265
337
139
386
305
228
864
828
2414
413
221
165
200
2039
265
93
422
517
806
1012
285
736
687
159
161
336
937
559
158
170
148
252
418
185
719
255
647
1332
954
143
536
101
342
1037
293
376
189
307
540
687
407
296
153
261
750
328
310
679
135
366
1324
608
210
760
275
524
303
1032
542
368
354
210
135
310
315
382
1107
364
372
223
463
392
265
194
173
339
126
439
437
286
141
165
474
193
467
323
156
1001
200
153
279
147
544
299
166
466
417
117
199
384
665
427
311
1248
301
640
343
332
436
155
304
497
246
105
87
274
189
579
165
733
803
722
290
583
98
443
577
134
202
161
315
292
318
423
131
448
142
400
139
465
199
151
233
362
117
95
678
420
293
323
131
590
256
221
302
606
143
1005
266
205
131
274
127
348
297
302
480
125
524
203
406
593
443
111
220
284
225
223
101
198
222
171
189
526
359
566
138
242
351
199
378
500
253
1001
454
224
258
185
200
137
645
703
513
440
369
808
1809
151
309
940
422
294
439
643
126
799
316
423
400
1141
687
296
382
917
144
634
451
685
367
185
121
188
99
204
1376
549
506
609
533
292
594
168
167
579
131
126
200
164
232
145
166
300
212
243
357
178
970
644
240
415
444
582
269
898
1152
407
348
375
1018
576
465
215
351
117
693
215
441
110
182
152
175
302
303
501
818
124
207
390
360
341
308
424
500
690
502
630
818
201
502
371
237
110
234
876
180
185
316
321
762
405
247
825
273
726
279
280
325
152
1001
434
641
142
1932
270
868
397
212
181
299
153
427
98
462
365
617
108
278
724
197
245
398
599
254
223
102
350
638
114
317
231
304
252
147
388
1655
153
126
122
185
177
622
494
876
287
280
2193
226
155
195
601
286
284
275
163
199
784
326
455
159
108
195
155
231
1591
371
361
272
719
738
188
405
282
162
210
196
177
280
619
496
237
302
307
218
574
133
134
272
125
344
296
709
457
690
844
183
143
441
484
693
461
143
317
271
246
270
627
458
652
317
605
300
636
225
251
809
308
131
1371
728
318
451
195
175
591
506
405
260
240
136
156
239
133
288
240
1042
323
159
1631
168
219
402
144
155
530
178
171
345
129
144
225
136
453
248
471
193
449
118
121
314
1259
426
159
505
158
146
259
203
776
420
165
644
414
995
763
226
534
221
315
154
522
1056
473
364
188
207
184
290
293
308
413
1079
322
239
180
148
359
487
222
167
579
168
401
941
1027
578
753
689
527
1094
661
937
598
121
381
1051
269
119
248
368
332
429
497
497
287
285
387
307
126
793
164
98
1090
130
427
275
638
482
93
765
173
556
125
710
313
961
209
361
282
363
750
339
737
232
393
972
487
460
808
127
929
423
762
851
258
440
537
254
338
272
730
132
493
456
616
771
415
293
441
362
271
466
197
621
502
630
260
263
462
144
137
388
241
433
824
205
593
620
246
231
507
136
138
252
685
675
279
793
338
168
416
370
694
317
199
173
395
535
317
133
348
1349
178
1755
330
148
294
336
114
1205
267
404
486
133
225
400
713
292
730
747
868
313
379
237
802
253
869
185
290
113
333
203
105
680
727
152
138
177
538
1287
228
345
438
678
219
223
477
183
381
298
200
580
505
172
592
341
134
120
776
125
163
510
606
395
156
444
340
223
828
411
363
362
351
456
581
574
653
169
128
151
180
281
87
135
267
438
255
1116
518
246
410
396
300
258
151
227
188
244
283
303
560
639
218
125
382
848
466
264
127
265
402
602
197
379
659
211
328
419
91
1040
727
107
367
129
272
554
444
574
493
269
453
165
736
147
268
124
401
1112
328
301
435
685
308
717
463
281
234
202
398
392
366
255
221
469
419
277
762
273
141
857
473
131
394
594
240
629
358
361
162
392
179
441
191
703
234
146
447
588
262
364
460
418
432
117
693
115
993
610
357
276
419
457
229
171
143
402
190
627
311
441
231
319
158
351
595
560
183
236
272
482
320
136
1974
464
244
360
659
643
189
284
304
442
748
286
286
604
346
460
201
203
365
205
219
652
533
234
780
125
141
183
373
1858
224
177
273
452
391
124
219
420
105
462
268
227
295
362
206
130
184
161
256
910
221
604
94
556
376
445
428
565
211
431
520
521
339
103
371
469
432
273
135
607
703
259
204
303
249
480
122
406
218
907
355
420
381
683
253
306
198
323
382
1913
239
501
393
638
571
165
413
547
491
465
199
217
99
271
642
264
707
259
207
113
131
343
309
182
101
696
88
215
270
415
279
143
132
486
474
509
528
182
274
1146
387
214
264
709
378
430
113
593
1532
282
491
220
727
306
371
293
624
241
195
550
359
408
282
284
736
671
258
783
632
400
306
469
763
511
1116
199
464
413
260
339
349
951
792
166
344
989
372
315
149
364
107
352
263
526
367
246
336
825
260
161
187
318
803
775
136
218
342
680
527
206
219
168
202
725
404
176
255
273
971
660
451
185
190
188
140
180
1180
407
88
333
134
349
156
125
598
700
1362
1805
110
837
495
171
996
897
263
586
422
370
183
512
484
196
424
135
620
347
349
316
239
474
149
563
299
363
195
125
358
399
239
357
442
199
499
277
161
613
224
201
190
233
479
334
1624
352
533
1024
375
176
296
398
501
160
205
204
175
261
230
446
440
519
158
258
132
758
140
239
469
249
692
108
137
154
447
288
624
219
421
332
242
410
223
144
107
108
719
396
462
380
337
198
732
621
228
265
189
1111
386
465
173
167
161
549
414
130
346
234
242
328
206
216
369
2104
556
365
352
418
294
93
918
306
601
98
175
1271
171
252
304
590
310
572
244
244
257
136
461
112
214
522
145
433
430
231
667
1020
349
713
247
913
165
616
1458
855
295
357
419
202
374
439
316
225
362
169
1018
586
161
169
417
700
220
278
198
143
215
291
247
497
476
310
438
200
666
178
615
524
172
113
549
204
813
251
495
196
68
120
315
444
666
125
162
134
836
798
107
535
960
309
480
559
162
148
724
155
138
523
153
857
996
709
616
1435
254
229
362
854
590
735
1145
111
140
296
351
346
154
669
443
316
257
352
533
287
363
556
1157
147
229
143
146
119
210
292
637
313
581
316
763
187
483
169
212
753
168
351
295
385
353
1172
284
134
470
840
528
456
209
460
452
290
299
282
1075
530
120
154
251
82
746
362
609
133
147
271
250
253
367
236
269
168
136
264
246
652
106
371
658
364
411
543
381
164
121
138
352
103
330
412
491
350
755
354
351
294
201
183
718
369
419
753
190
606
152
397
908
843
181
460
625
375
220
479
355
601
459
201
567
531
163
415
113
200
238
189
258
105
282
210
421
1326
191
968
656
435
198
263
191
239
169
205
394
434
269
778
357
249
522
320
612
267
84
268
481
211
336
1779
552
240
430
292
529
806
406
617
214
296
118
114
185
746
251
417
508
143
618
393
237
227
449
318
158
195
140
1088
144
925
207
241
154
185
982
249
136
192
182
238
90
414
180
398
268
625
489
235
155
578
750
454
181
430
413
791
825
109
302
312
169
310
177
417
517
569
1352
116
1113
832
1012
314
386
145
331
379
232
313
1580
448
622
406
192
356
172
643
83
276
866
639
226
544
154
687
161
258
242
418
243
674
800
183
304
180
507
297
191
190
401
886
181
264
236
256
1046
176
530
276
215
810
145
469
187
121
191
563
351
766
124
354
328
125
337
310
437
94
257
290
444
374
385
150
420
230
238
185
674
671
110
110
877
388
528
130
305
339
685
642
899
255
656
212
544
669
148
437
121
703
468
912
531
240
1181
415
295
145
375
861
548
422
323
300
1009
434
363
282
323
432
425
256
345
164
156
941
730
327
118
450
274
715
321
423
643
211
819
393
286
521
255
363
616
344
156
904
322
174
262
191
558
305
177
129
1149
597
949
292
258
189
183
400
244
248
440
162
572
172
415
484
311
84
244
1413
381
231
198
141
210
318
458
229
291
200
252
558
702
277
364
459
308
653
488
226
255
423
571
938
135
314
579
328
261
444
310
181
636
346
227
164
702
905
157
152
413
752
274
499
451
438
487
347
280
983
269
466
569
387
134
397
372
435
132
282
139
274
330
531
531
210
199
719
123
164
560
344
273
389
866
177
289
94
162
631
782
214
651
183
288
349
113
231
792
598
213
411
157
846
233
301
299
291
192
597
273
377
542
324
306
552
235
116
308
134
176
306
910
1020
309
619
278
252
321
1140
185
281
129
252
276
155
733
472
429
176
324
639
339
307
393
361
301
152
248
386
536
153
626
441
244
203
557
190
317
194
214
372
216
527
427
641
283
417
465
183
166
243
401
166
819
156
277
769
250
513
159
171
751
234
263
295
159
373
365
229
418
161
739
269
604
413
126
208
132
453
172
398
292
378
373
301
740
655
1220
149
628
799
367
488
514
396
107
115
402
142
370
170
320
308
240
233
174
155
264
307
234
82
241
288
168
119
199
180
290
303
217
189
475
482
523
266
830
531
486
350
594
315
167
1017
314
142
237
186
461
227
128
689
271
197
264
266
132
389
265
204
166
323
385
343
1531
423
380
94
306
218
524
583
515
473
479
340
633
398
155
335
133
117
160
752
223
551
561
313
634
288
243
306
455
212
1130
686
298
255
291
177
138
591
295
178
284
512
316
226
667
669
475
131
158
395
415
123
1507
809
233
358
185
275
323
502
199
408
156
418
297
539
785
306
402
125
550
270
352
123
140
131
159
456
305
144
188
152
723
304
97
486
306
626
193
498
153
177
179
202
425
340
810
434
439
243
1018
511
568
231
547
367
135
1669
447
503
257
947
432
103
169
2816
278
415
272
140
566
428
188
274
263
728
225
164
641
539
390
464
717
126
313
429
123
116
1358
226
60
119
650
262
307
253
197
326
148
262
224
515
781
271
173
1224
686
343
220
404
204
256
229
401
281
338
764
421
426
220
1035
807
471
101
130
319
234
267
700
928
243
236
408
789
194
186
241
270
432
634
358
876
342
127
536
340
191
936
155
329
415
232
452
1385
522
313
158
242
173
1593
157
693
295
325
657
384
441
116
600
246
657
500
121
342
284
96
520
319
565
372
269
420
189
668
146
359
107
297
346
321
417
671
161
416
212
486
149
232
360
932
580
423
172
410
254
206
508
334
216
371
156
317
280
209
243
376
332
247
144
127
548
312
371
273
264
308
153
1129
911
745
176
138
218
713
488
919
162
83
560
232
208
206
461
338
383
423
889
265
701
385
359
196
347
376
287
179
308
255
461
159
121
130
293
391
357
699
154
657
341
734
538
864
357
464
701
356
432
491
304
200
204
535
199
390
366
61
122
342
137
381
842
119
641
531
223
102
273
293
341
654
654
637
253
422
214
372
287
235
1020
276
296
596
175
558
403
542
334
447
418
497
1179
206
230
158
414
118
271
502
681
291
286
515
456
172
789
379
296
509
308
351
429
511
100
563
183
640
217
93
241
468
153
166
480
289
211
355
157
229
119
190
287
393
211
172
226
182
439
316
131
571
257
156
894
235
53
607
505
500
185
452
242
240
177
453
365
456
186
175
267
248
308
201
665
355
327
351
760
249
443
633
444
226
506
449
270
635
477
172
278
295
194
209
183
410
662
302
768
390
253
240
301
210
183
175
247
158
234
368
216
288
1134
392
267
599
247
691
263
202
228
418
144
442
545
381
163
175
482
330
164
383
1054
290
193
160
758
336
199
220
369
181
201
548
308
422
217
132
383
183
635
94
388
686
105
307
290
572
377
82
254
114
115
216
188
140
245
1006
315
842
440
375
357
223
151
136
287
211
253
322
291
119
420
749
373
660
369
657
188
188
216
366
499
222
613
1788
195
309
378
408
328
125
351
169
169
157
1239
404
378
253
265
369
684
317
270
891
246
255
855
278
259
144
132
964
171
258
465
278
204
336
152
236
194
937
751
517
256
568
406
414
503
287
487
1044
190
923
164
153
698
218
109
400
330
226
155
524
287
133
130
549
308
419
269
439
161
167
534
279
363
176
258
491
403
262
1317
155
171
218
229
1245
353
145
559
435
299
91
154
443
121
239
358
214
392
600
326
358
272
1248
101
498
180
298
302
390
203
437
388
291
436
152
238
291
413
189
640
291
293
244
1377
263
216
273
221
249
453
284
684
407
258
132
369
224
281
107
109
226
284
394
511
186
192
367
515
397
209
430
248
369
199
333
383
355
393
1250
261
479
228
197
356
122
204
81
147
272
171
383
447
469
254
119
405
232
491
194
759
260
359
2168
582
247
259
193
1078
385
410
251
90
800
436
403
369
411
309
343
117
583
167
436
89
139
268
1782
641
99
107
227
129
265
161
332
281
207
514
285
217
575
137
526
283
801
221
233
210
127
127
184
662
134
335
400
129
664
186
121
174
491
195
147
121
444
807
763
352
103
321
362
503
358
195
309
208
256
130
154
438
408
204
452
421
194
172
187
410
178
838
579
424
226
266
694
445
491
266
214
328
855
122
328
168
346
345
296
714
235
456
947
99
234
509
119
879
317
175
603
372
233
420
101
397
323
152
211
482
949
252
247
378
1304
955
138
703
597
430
365
126
439
175
345
244
428
171
1052
306
234
435
188
419
325
181
504
371
139
675
560
132
191
247
109
1669
192
241
237
204
138
275
170
310
140
209
214
227
804
971
257
280
590
233
143
631
356
84
710
975
559
566
193
425
270
615
117
507
189
265
603
127
409
467
144
139
389
108
477
139
555
509
278
237
438
133
147
380
543
303
207
253
181
382
254
325
617
123
892
188
397
306
475
373
420
190
157
350
373
484
1004
344
1418
471
671
434
159
196
430
221
194
743
164
171
159
1155
315
302
175
177
358
409
260
208
465
202
255
454
138
128
478
561
242
161
309
625
292
155
840
114
247
191
276
330
749
302
202
201
158
269
1299
149
243
246
314
337
500
1066
432
961
373
556
271
268
326
950
449
688
389
107
167
135
172
741
636
309
222
369
467
485
138
249
342
188
98
354
721
359
268
804
114
109
192
462
391
193
209
254
493
453
247
310
756
218
234
152
184
355
319
119
331
378
229
293
366
160
203
517
336
617
414
180
268
164
358
261
223
276
530
270
237
286
221
335
170
492
1061
159
250
119
681
109
387
615
254
259
160
375
939
353
116
400
575
325
180
235
555
475
399
265
763
482
357
260
588
865
279
405
138
223
302
128
399
195
215
282
1076
557
228
167
178
168
162
419
261
181
601
198
447
158
131
266
1495
216
176
502
313
381
410
743
202
344
163
181
235
158
318
243
235
439
338
388
596
152
487
401
384
122
474
294
431
438
367
229
232
145
101
324
444
181
634
373
171
423
198
260
200
269
413
288
429
130
511
294
444
371
663
132
130
237
196
142
221
1054
214
216
227
383
223
391
254
259
200
114
199
402
468
258
154
288
153
818
432
369
363
108
107
166
471
545
201
496
164
237
506
107
866
493
138
194
174
159
215
115
413
446
670
813
165
359
479
154
203
308
679
615
181
156
899
248
504
234
776
143
598
368
351
353
215
128
1143
460
233
965
347
589
471
216
299
386
717
247
180
258
508
410
98
234
352
254
127
400
549
180
642
180
182
351
293
164
405
431
130
173
356
565
175
608
216
198
451
363
611
583
746
251
286
207
178
804
347
154
471
219
219
222
147
561
168
454
432
397
380
1511
164
218
532
290
219
189
259
587
140
136
160
235
347
481
270
712
199
412
372
353
838
109
128
606
406
121
363
233
488
596
211
789
664
199
207
307
148
137
583
352
235
418
494
539
297
204
350
323
330
748
621
284
506
308
170
286
364
340
200
304
264
325
131
650
925
171
218
470
529
205
382
271
530
284
543
577
533
897
315
711
565
280
302
780
257
429
176
466
443
356
125
198
396
553
150
636
256
320
74
401
610
438
145
685
419
198
545
334
560
72
359
391
143
255
639
280
333
245
509
380
324
287
167
102
275
153
499
186
844
263
125
198
306
151
215
361
683
202
174
450
233
118
657
321
305
346
456
901
202
227
1013
195
528
229
385
473
631
161
367
184
407
227
377
867
388
258
162
688
250
328
575
355
293
1323
284
93
369
530
583
273
304
93
278
270
495
484
97
768
122
323
104
92
432
595
776
365
422
164
168
366
311
176
168
252
287
134
207
93
244
297
356
195
82
90
279
513
985
217
371
661
264
360
437
469
818
99
458
296
252
332
630
412
564
249
385
653
171
851
161
121
391
355
612
364
252
171
150
211
175
214
297
304
556
214
364
365
191
735
776
401
113
195
948
215
611
387
161
592
107
102
314
271
232
875
256
746
152
636
542
110
146
435
588
221
97
289
598
238
199
234
213
1006
182
179
451
191
97
90
343
153
383
329
114
255
357
225
302
277
673
243
425
182
86
324
702
636
726
582
674
343
366
374
177
293
247
329
508
271
210
103
304
344
537
704
565
658
261
428
551
376
801
81
292
165
350
230
237
142
193
891
192
118
130
268
148
263
397
99
229
175
248
488
223
191
110
135
642
676
194
156
264
1017
425
161
158
425
744
328
322
185
134
187
554
210
245
606
1091
778
225
332
228
228
404
476
551
159
170
590
301
296
361
397
840
450
248
737
340
639
290
189
364
483
800
161
134
157
196
241
436
240
148
107
405
187
278
149
257
384
198
769
187
272
210
127
105
266
202
730
462
144
150
75
130
235
697
363
387
152
180
823
199
228
686
195
258
234
338
213
2012
225
253
722
276
553
529
355
325
158
211
652
121
170
554
678
184
781
269
614
443
116
289
182
264
258
268
610
341
128
305
287
336
1486
313
124
245
656
356
179
388
840
348
841
285
79
164
654
199
248
556
303
118
251
627
781
166
108
575
447
153
375
277
241
362
209
459
98
530
365
409
185
268
444
227
108
389
280
191
1062
143
162
261
117
315
152
103
116
328
581
162
311
322
620
271
322
408
372
619
231
84
399
692
122
328
329
602
251
131
219
248
382
860
153
211
135
651
203
209
464
171
353
392
670
263
127
231
192
94
219
141
355
315
104
106
111
397
167
408
125
821
622
187
742
106
400
1242
416
531
190
565
744
146
591
186
961
557
89
292
127
441
330
286
295
131
234
113
73
186
122
507
247
122
375
921
854
339
266
137
147
341
271
124
238
388
700
573
234
110
178
312
232
152
426
181
103
468
285
362
268
275
197
393
162
191
414
295
539
295
282
111
109
403
505
238
939
287
181
497
279
111
185
505
263
490
790
503
291
97
244
164
297
304
98
324
434
278
140
591
244
269
317
198
279
410
117
411
243
1125
426
341
513
868
368
234
402
188
214
268
280
294
135
318
440
883
706
164
295
260
162
1156
527
879
376
326
142
137
602
323
270
489
320
229
358
348
462
480
474
301
117
212
421
265
593
279
232
189
485
478
436
516
276
538
788
193
198
131
322
153
225
123
503
459
516
365
110
380
487
219
268
377
230
161
159
943
344
309
96
924
398
422
114
255
653
306
167
223
98
167
231
505
85
116
315
503
523
1871
329
397
264
243
306
659
165
139
562
292
636
449
724
407
1180
661
355
263
602
253
269
619
225
135
421
448
247
469
1039
190
183
649
361
612
459
246
225
150
127
566
233
132
242
170
387
263
360
156
669
170
434
719
309
205
176
829
253
256
414
802
335
590
265
161
102
192
130
273
291
560
518
126
370
516
464
264
193
228
569
642
425
207
436
622
546
311
242
349
814
339
122
239
1041
180
240
154
512
171
179
303
263
877
423
476
125
353
532
630
511
310
303
410
151
170
186
145
536
73
395
862
142
474
572
399
641
338
485
207
255
534
202
133
311
430
544
106
357
306
523
404
161
260
458
157
188
205
475
125
121
243
542
384
291
405
248
139
539
435
400
152
150
437
722
1031
313
150
140
206
185
313
1641
113
147
1078
99
440
357
451
364
603
389
299
313
421
777
536
191
348
642
615
818
350
173
188
972
718
226
194
214
160
301
469
261
281
203
398
154
266
365
307
358
171
489
186
651
120
228
482
235
278
286
702
246
792
475
169
488
411
816
277
668
518
285
344
209
305
373
221
206
400
145
400
181
275
271
285
224
368
603
383
409
131
393
510
822
300
350
180
188
375
346
330
484
562
487
105
103
379
266
124
154
791
191
409
107
294
91
760
504
645
579
207
191
149
763
327
231
292
839
655
170
362
628
390
592
286
155
119
208
139
233
187
164
701
199
437
693
183
263
515
176
246
509
552
160
316
117
420
736
618
319
251
230
363
838
339
166
225
185
845
461
144
379
686
216
420
220
464
377
129
202
433
368
397
246
208
260
481
396
205
162
494
278
267
460
445
261
373
232
506
335
347
131
70
814
263
137
254
288
243
281
271
427
516
301
367
273
245
147
211
381
111
727
617
246
172
490
82
184
311
301
138
643
458
325
453
201
122
352
185
164
139
230
754
179
172
215
606
512
191
84
173
130
233
237
146
478
164
410
259
912
448
328
471
240
162
115
506
343
497
360
172
436
180
370
446
303
116
123
321
295
380
147
293
144
402
524
208
425
241
964
401
455
385
205
277
353
96
349
226
432
96
633
210
367
98
156
153
116
339
1586
300
444
608
219
144
880
269
121
246
137
504
107
137
442
133
233
134
213
389
333
963
255
397
334
140
211
627
146
255
319
222
81
550
237
158
344
327
170
673
630
248
126
425
144
188
143
197
146
489
451
370
148
211
190
437
311
1079
281
392
253
383
182
375
246
206
702
298
227
90
132
262
211
174
346
166
373
451
164
609
315
127
250
291
378
247
586
105
219
137
131
263
157
442
84
772
207
158
205
394
227
318
329
148
315
259
138
126
317
1098
221
154
482
119
156
425
172
573
186
167
216
217
495
1000
192
199
316
126
319
227
275
677
804
422
222
440
107
103
182
353
605
211
151
138
329
200
349
332
546
196
595
224
534
463
348
585
213
318
312
340
170
643
244
230
510
116
127
191
290
242
495
462
215
378
392
510
106
240
133
232
207
471
219
173
217
267
379
181
129
297
217
364
246
758
201
101
196
242
108
281
283
263
162
90
376
288
214
337
120
263
367
103
147
673
890
277
457
647
325
559
153
504
465
532
109
410
157
72
375
134
113
208
184
193
138
105
584
406
336
115
211
387
413
307
358
445
225
955
565
183
199
308
208
230
278
520
112
322
114
411
547
141
254
246
506
300
332
253
320
467
121
277
221
187
233
267
98
254
342
290
149
546
174
451
109
581
176
632
135
449
325
432
675
100
186
608
458
588
181
217
236
113
143
218
445
180
365
376
1084
680
665
225
120
245
168
475
237
305
356
462
795
165
331
294
252
440
519
148
126
346
203
998
268
528
243
179
335
742
391
123
541
306
173
384
507
194
351
127
637
227
158
210
1089
271
323
176
124
118
155
263
401
615
306
292
388
306
197
191
194
506
141
508
182
179
131
294
193
150
380
345
187
549
245
147
471
167
507
98
249
406
222
566
683
273
813
301
272
642
93
139
896
191
161
415
468
248
255
545
193
217
90
100
185
130
200
267
179
413
133
153
397
745
230
174
235
313
128
196
624
292
564
268
515
185
186
304
139
180
378
226
322
107
168
217
250
260
104
249
127
141
267
215
274
438
217
154
154
124
357
150
560
308
118
318
391
234
329
233
416
170
369
283
661
172
142
192
188
256
372
376
192
257
185
617
133
279
329
257
281
484
159
93
137
360
381
159
140
802
326
140
859
151
456
302
366
245
373
179
431
841
190
207
208
366
157
177
227
535
161
368
332
153
525
237
526
271
415
207
707
175
343
303
223
795
555
417
122
116
682
248
229
419
131
295
450
264
208
253
376
520
510
140
113
292
402
257
426
132
362
91
471
102
385
595
101
142
312
396
285
132
325
516
372
263
294
341
119
918
886
669
458
234
157
231
243
177
745
469
145
197
196
137
436
139
484
248
399
263
404
167
255
275
145
453
206
175
336
97
218
90
393
304
241
339
253
467
447
123
296
245
297
384
205
93
571
107
143
259
135
331
204
180
112
95
226
230
139
520
175
422
181
296
391
426
328
125
221
220
244
143
225
269
211
351
501
279
233
121
154
174
275
107
186
578
145
307
404
303
204
234
316
113
312
551
165
412
483
268
141
233
447
150
349
253
170
173
154
744
277
248
426
273
698
595
266
256
312
410
200
185
185
190
250
331
455
287
323
325
163
541
130
175
305
198
113
197
342
612
174
628
422
304
587
408
202
772
410
122
354
1014
204
219
244
543
225
642
108
110
319
217
319
443
77
294
122
384
448
325
111
600
427
440
113
385
317
330
216
649
260
466
108
421
200
143
492
408
291
374
363
133
404
528
347
388
567
384
220
279
164
195
222
245
129
404
668
541
314
460
164
124
120
719
384
314
315
187
122
249
294
546
344
420
1298
355
1086
772
390
326
178
455
314
164
605
402
711
81
471
225
320
578
336
601
822
499
283
355
284
94
175
570
500
430
315
369
203
687
77
139
415
496
487
299
508
269
442
278
450
243
200
240
154
268
166
216
409
255
493
193
591
314
209
169
178
294
204
222
532
291
188
166
263
191
178
228
120
273
399
318
100
840
260
584
176
751
792
212
640
126
315
497
463
441
345
239
128
344
235
251
161
181
137
268
398
292
265
134
133
448
579
130
282
183
437
196
867
154
815
115
314
383
126
381
332
223
217
196
270
145
394
468
266
203
584
342
420
74
250
412
361
219
467
298
200
90
163
173
239
282
326
736
165
273
214
513
171
554
495
387
233
261
349
302
190
176
196
167
667
164
126
197
308
341
350
291
213
426
477
1382
531
169
471
455
234
134
295
425
132
240
107
182
305
126
174
134
811
538
259
469
348
329
161
244
378
162
175
102
502
353
196
144
172
299
455
110
324
118
411
370
164
306
265
519
392
244
456
178
310
328
736
250
98
370
1014
174
509
483
496
238
185
536
307
466
283
505
203
628
148
318
347
487
129
273
417
397
93
259
257
248
145
467
204
243
197
322
329
403
261
256
561
419
389
441
387
364
504
575
181
501
337
122
208
148
339
127
468
444
270
215
128
243
413
157
169
223
528
262
128
322
712
212
327
678
490
551
132
275
351
642
185
167
172
522
145
750
124
126
425
208
277
227
120
176
282
285
172
164
168
785
242
476
156
182
141
175
560
312
276
271
238
593
160
199
279
261
289
294
496
456
87
118
496
324
226
306
151
362
217
127
182
210
564
115
198
377
675
271
351
482
324
236
618
325
128
497
285
235
380
483
273
519
182
300
242
126
412
218
267
332
192
88
124
579
302
436
136
344
356
264
147
515
431
225
137
862
477
269
224
411
838
88
459
349
350
205
902
122
170
443
253
386
251
514
465
176
506
350
336
106
210
187
453
200
530
295
365
232
206
359
292
303
125
416
333
373
457
191
185
239
125
396
305
233
193
286
146
297
382
322
270
176
352
409
819
219
121
387
199
179
201
205
97
351
103
143
81
220
470
232
153
526
321
246
234
517
343
428
500
192
179
432
145
213
269
484
415
259
298
328
244
341
234
225
275
508
328
385
112
321
95
181
182
468
401
431
164
267
303
275
305
190
443
146
540
158
226
365
420
319
342
173
146
475
351
188
320
165
145
265
276
416
257
274
442
349
496
308
285
334
145
216
467
265
339
179
138
299
520
258
207
253
573
164
155
100
267
373
281
262
191
373
622
289
190
169
176
246
158
188
273
550
292
371
289
277
371
1039
180
583
174
253
207
832
119
474
261
394
590
120
262
639
152
339
357
284
238
402
545
392
344
656
355
268
295
308
260
444
175
363
408
203
920
221
90
123
228
187
454
332
180
295
146
135
134
279
492
100
255
254
194
429
125
133
316
106
508
298
381
710
210
108
645
252
520
321
310
139
258
312
133
185
326
390
466
448
353
389
207
148
175
97
139
329
360
179
199
325
151
309
535
153
133
348
130
271
218
324
91
175
571
137
399
277
111
134
576
109
404
402
282
1147
318
571
149
190
239
690
234
239
115
477
154
120
248
197
137
141
124
421
518
263
175
375
178
323
182
324
211
137
108
397
130
213
442
393
387
273
253
321
214
776
161
624
176
104
324
282
179
275
100
124
192
166
276
203
333
346
350
256
656
506
282
111
240
381
254
349
318
140
335
206
454
368
668
149
270
416
137
288
108
214
366
199
351
182
604
175
257
716
297
322
257
101
350
116
579
171
198
100
289
259
302
161
354
269
183
133
207
238
335
472
242
263
664
730
138
169
189
223
456
339
331
138
120
467
429
327
225
371
132
460
152
391
230
317
222
249
158
231
591
154
158
221
435
385
392
177
317
156
243
239
175
225
250
96
456
143
222
112
182
100
98
280
227
371
493
139
242
151
136
117
153
182
251
413
340
252
361
187
255
184
79
185
352
462
284
317
214
253
261
122
449
233
170
174
106
174
915
195
203
222
101
466
95
198
696
179
175
630
193
123
519
227
189
293
454
202
136
281
251
361
150
242
235
177
442
274
141
382
448
577
1074
915
534
529
133
284
130
416
280
259
485
240
372
269
260
173
190
208
197
529
339
743
168
227
208
228
255
500
228
709
528
180
580
244
227
157
315
413
432
390
303
439
190
420
219
455
186
121
183
452
186
322
226
423
425
435
153
459
305
301
512
774
297
333
172
234
350
276
326
168
201
180
128
499
164
194
609
370
424
214
303
198
132
176
241
360
224
946
97
318
313
443
177
277
896
101
453
635
205
329
387
419
483
117
290
124
594
958
158
461
166
163
323
477
209
141
575
1140
107
453
248
795
165
212
350
366
218
160
159
255
303
969
313
407
338
197
333
287
285
258
354
250
186
335
567
207
442
355
898
151
839
523
240
178
884
320
169
263
280
135
179
221
555
149
520
156
169
327
458
695
286
216
301
170
124
311
257
137
113
158
414
169
469
234
309
291
434
215
593
154
150
372
399
566
170
117
118
153
292
216
127
534
206
129
727
585
236
272
137
381
409
237
392
314
290
208
444
538
124
752
290
202
315
190
368
143
363
212
295
320
277
696
299
247
182
129
302
217
129
179
343
419
241
238
183
538
553
319
176
108
86
90
271
332
902
108
232
338
118
441
287
204
308
135
350
330
380
275
143
234
372
251
360
152
167
186
288
156
283
237
229
471
365
306
245
490
134
125
169
305
234
272
334
279
192
206
429
252
420
867
591
176
344
128
180
244
198
119
209
239
251
126
233
254
177
437
232
495
368
118
91
281
408
537
163
174
420
184
107
233
306
238
197
684
267
368
201
705
345
272
317
232
146
186
439
174
750
179
179
332
84
297
168
424
201
206
277
365
212
288
206
320
140
163
200
584
259
537
139
164
363
325
333
302
405
732
157
109
497
309
152
118
484
124
710
325
266
592
689
446
157
255
214
674
884
105
187
806
122
316
172
170
503
127
274
506
440
155
216
147
417
554
213
127
421
278
285
351
351
1073
351
219
146
250
211
233
710
69
66
443
185
439
321
108
614
336
183
449
214
415
228
473
349
261
112
309
238
117
682
134
121
184
184
312
118
484
158
425
188
161
674
221
549
307
208
213
250
445
647
238
384
316
208
585
214
577
319
499
343
210
462
351
462
284
111
310
192
118
134
149
192
246
287
281
60
252
186
307
147
320
236
191
237
387
275
538
195
180
488
131
288
232
278
222
240
141
230
446
217
129
445
235
386
201
370
196
181
323
109
149
287
323
167
352
401
286
311
184
463
217
267
126
704
187
210
166
296
404
157
276
267
547
362
355
115
222
351
335
215
168
283
742
257
188
212
326
236
155
674
728
383
121
512
463
255
248
126
190
317
421
435
724
279
187
284
159
296
162
317
522
161
429
165
470
274
149
431
312
448
333
155
502
357
313
269
503
239
140
156
150
205
643
215
246
829
289
398
120
361
272
534
451
221
341
435
159
443
244
540
270
304
300
193
107
290
534
483
176
233
338
330
409
439
435
198
349
196
197
244
192
225
266
221
114
317
105
192
281
180
131
182
359
617
237
242
300
307
131
120
135
204
168
335
323
148
347
469
291
312
320
592
248
231
218
349
155
148
133
531
359
117
134
785
169
171
167
268
301
160
429
342
215
605
911
221
402
201
175
201
496
101
648
246
122
283
203
208
120
212
429
219
305
850
307
851
279
198
130
84
133
413
103
533
218
313
111
115
133
123
289
441
204
244
539
129
126
267
127
407
336
224
120
368
206
292
311
168
310
405
137
374
164
302
226
447
381
823
495
230
187
225
242
262
180
286
219
192
348
438
160
346
325
251
497
422
158
726
149
317
318
159
350
323
236
186
499
310
341
245
286
358
204
267
452
108
235
169
283
187
278
169
128
154
141
114
207
282
517
298
543
138
210
147
163
691
215
348
331
547
435
215
140
344
199
109
353
348
439
151
251
224
336
923
235
171
181
307
303
377
707
152
202
196
261
301
218
303
390
161
440
149
109
114
209
118
121
189
114
758
178
1270
138
220
139
120
479
616
189
158
300
322
255
189
140
202
549
139
533
95
263
303
114
751
1105
79
268
487
476
791
89
262
282
252
357
169
377
569
150
168
234
150
913
361
631
291
550
199
328
439
470
175
143
343
372
179
115
154
120
118
119
197
519
200
152
264
292
713
357
125
166
155
212
242
248
1067
285
252
386
251
350
202
226
469
107
121
430
168
377
248
912
344
157
191
402
281
331
182
324
145
153
255
785
221
271
94
233
139
148
275
289
492
395
355
323
124
500
132
205
134
138
317
316
298
254
232
445
138
348
193
324
171
227
179
372
408
247
181
186
585
163
438
240
534
364
326
207
193
764
263
214
232
124
100
293
245
134
380
445
271
119
521
312
401
183
113
192
380
833
267
302
290
311
382
221
133
150
278
161
163
142
343
271
518
151
261
256
93
237
257
314
581
324
458
149
84
360
215
584
225
380
592
413
254
154
211
214
428
382
701
412
115
642
116
145
186
143
169
149
129
401
203
147
142
404
304
438
199
360
487
319
370
297
228
194
230
353
238
210
745
171
105
155
115
138
361
111
513
484
140
689
226
220
121
158
192
124
216
409
525
235
197
268
309
193
168
318
679
170
314
262
377
332
449
204
234
476
354
167
422
193
226
244
558
172
209
265
151
162
118
133
459
160
128
238
306
186
549
217
163
279
283
131
201
183
637
109
829
376
344
219
475
202
105
171
138
305
96
412
504
217
220
251
230
559
396
246
277
410
243
159
151
354
311
333
250
158
173
205
157
157
159
477
236
162
131
204
302
331
257
523
622
473
156
158
167
368
195
415
190
248
322
253
309
358
416
165
665
169
307
147
192
186
730
152
200
238
305
623
353
273
582
188
145
469
303
283
217
191
434
317
330
566
227
239
107
410
560
241
204
730
157
147
464
347
257
260
252
474
162
208
148
378
319
194
232
401
532
311
274
448
497
230
135
651
157
361
287
363
146
446
119
220
72
287
199
204
398
206
120
331
104
112
112
383
209
82
154
241
279
894
331
181
302
134
198
234
267
779
685
156
292
334
310
658
373
132
239
376
112
238
722
417
159
511
635
129
157
140
128
698
319
154
488
520
213
449
495
171
196
189
445
541
214
172
117
262
147
183
186
514
439
265
584
702
576
78
194
502
262
516
187
146
377
217
273
217
153
575
229
528
434
649
85
374
177
220
183
190
251
286
412
106
243
358
179
644
451
260
180
213
151
110
199
96
138
164
600
315
427
282
115
393
191
359
367
525
274
119
125
177
228
244
409
540
587
410
252
110
304
122
298
305
180
356
279
245
191
200
158
368
268
204
193
571
138
207
198
200
558
233
178
223
382
100
672
123
288
378
190
373
226
187
240
252
248
248
428
229
181
223
199
129
230
121
230
438
176
156
289
123
281
196
458
156
688
161
373
123
829
345
202
344
102
169
585
354
300
196
290
285
291
183
641
150
163
708
252
236
607
135
196
537
226
187
670
384
208
261
163
292
94
407
95
368
131
162
167
330
182
158
397
170
321
266
271
230
419
189
231
281
183
107
357
297
360
245
197
445
626
211
458
800
248
710
129
325
159
239
682
122
168
266
230
247
299
243
253
103
144
221
163
235
193
216
156
422
306
379
144
154
255
327
272
132
260
277
199
281
356
472
342
436
306
188
285
287
166
254
199
111
370
337
185
103
221
206
462
197
195
234
326
130
127
639
109
260
173
609
186
192
203
167
394
139
291
198
669
472
374
191
210
399
247
231
174
203
365
380
608
267
191
349
224
259
320
286
175
124
296
414
376
238
331
372
416
325
301
179
215
157
121
227
103
418
206
446
597
259
356
541
418
132
419
329
314
216
190
532
169
408
122
193
408
165
712
221
623
364
162
156
215
463
127
360
194
186
578
334
156
414
218
283
191
120
415
227
119
112
169
244
135
332
167
219
429
327
452
263
351
154
391
190
318
156
140
486
134
167
378
234
268
119
323
119
163
618
466
233
290
909
199
320
237
357
151
153
270
806
339
134
186
264
168
443
203
374
522
423
444
335
161
136
546
328
529
353
334
457
185
206
210
291
237
234
230
394
363
247
319
790
132
207
361
190
272
316
456
116
319
112
506
264
254
233
136
298
186
190
249
190
542
366
237
548
247
384
271
276
327
122
453
416
352
223
125
104
378
503
132
310
352
608
167
112
94
265
184
263
264
158
723
147
588
206
355
165
81
187
199
175
161
369
135
247
130
371
590
178
124
111
322
221
197
209
202
409
188
376
296
210
579
149
341
314
494
279
281
854
102
153
238
441
93
446
189
358
208
327
306
117
89
162
684
306
188
277
85
303
239
215
728
275
366
119
141
137
178
238
358
391
235
384
164
779
287
104
207
193
133
466
193
246
173
358
180
169
799
640
278
116
201
350
459
121
244
143
215
372
175
260
150
309
290
319
589
242
137
113
203
152
328
515
258
286
277
122
138
142
319
192
217
205
875
182
179
219
133
293
319
257
147
255
392
182
253
239
249
200
224
139
112
551
396
119
277
165
389
226
358
174
277
184
602
340
171
141
193
282
214
99
258
333
171
342
600
477
171
114
299
466
421
179
439
186
281
164
1087
580
217
330
190
271
204
309
251
252
288
314
188
281
219
149
204
493
131
602
337
289
290
400
177
209
147
151
244
172
176
275
233
300
82
269
548
208
114
325
216
392
210
145
251
201
275
154
462
135
278
497
199
279
130
349
189
194
551
402
639
442
353
108
265
171
468
749
158
102
172
330
311
316
230
370
492
397
140
397
410
307
197
458
129
359
551
491
179
350
319
145
335
460
219
143
290
143
279
786
114
491
331
326
287
252
286
263
154
244
216
399
168
225
155
141
169
170
373
633
242
286
301
376
103
321
231
138
190
284
250
231
129
153
284
302
239
220
254
482
376
319
278
99
201
397
185
315
247
308
218
255
127
170
224
344
138
370
195
282
146
203
298
442
211
234
134
563
224
240
472
262
348
440
148
207
177
263
204
309
228
213
207
403
243
300
115
108
743
190
201
141
186
484
268
202
133
94
399
207
358
345
428
135
257
228
79
187
541
124
191
158
159
151
141
79
325
198
536
182
355
301
413
415
450
475
91
189
287
89
268
168
108
157
126
296
274
192
439
245
88
87
557
89
156
112
203
541
345
316
308
125
197
75
152
219
261
126
251
142
774
391
145
559
97
177
298
87
263
200
183
734
243
676
250
188
231
152
198
1060
103
97
122
162
186
560
296
164
254
246
143
267
88
187
374
127
724
497
398
255
291
179
125
129
291
335
670
184
385
91
96
276
147
266
110
100
209
303
724
315
201
256
121
234
502
522
484
137
315
214
181
129
327
231
138
105
185
286
176
353
170
292
158
314
207
265
670
163
407
294
146
133
216
241
221
352
133
453
358
317
141
178
163
791
672
461
338
344
254
261
101
435
304
333
305
477
88
247
170
178
178
222
237
573
396
141
403
426
475
180
167
497
291
133
112
275
222
119
112
209
255
430
170
297
148
346
301
168
250
91
217
358
168
106
284
149
202
173
267
198
150
165
257
180
255
106
362
315
352
779
260
395
143
113
256
310
347
285
554
474
581
96
178
185
183
95
103
303
901
426
393
211
432
263
543
209
363
275
250
308
688
262
183
241
451
503
271
259
108
446
100
197
252
291
161
288
231
134
174
491
84
245
162
311
382
191
207
250
557
252
509
222
190
223
230
301
287
285
208
312
223
120
194
400
188
147
318
126
180
361
321
285
351
361
117
756
123
164
403
189
148
132
299
185
294
85
189
690
123
695
148
389
578
111
271
366
364
349
309
167
196
176
319
618
194
405
250
179
159
82
398
175
399
345
160
118
147
333
203
226
132
392
132
448
180
161
100
295
146
138
449
105
311
202
273
286
322
376
660
293
336
353
170
386
235
310
344
89
289
193
436
402
382
107
107
672
254
570
235
152
302
219
220
181
388
155
152
179
337
203
161
326
178
291
189
134
236
258
250
315
219
336
262
493
355
843
190
163
356
119
297
286
365
127
314
202
407
272
216
107
199
148
274
128
184
205
261
343
118
402
130
212
760
483
168
275
141
216
351
405
346
249
258
607
273
272
232
201
345
179
260
540
156
255
196
488
184
421
197
191
168
374
216
218
304
293
127
284
365
242
156
123
360
162
98
224
360
245
171
112
279
271
172
153
321
286
248
400
129
410
122
487
99
295
191
429
294
206
349
406
214
422
160
281
236
371
161
368
247
338
497
187
158
639
129
250
245
175
338
270
235
157
400
358
288
103
246
558
236
581
275
318
432
407
284
372
163
107
144
238
424
180
168
206
244
136
185
183
379
521
355
202
157
175
90
461
209
187
436
196
602
167
156
273
369
210
305
173
394
419
245
221
175
316
88
232
187
319
284
123
436
132
302
170
234
128
269
281
329
215
283
273
781
149
229
231
213
207
279
202
364
197
272
1002
260
394
142
256
759
703
89
227
221
187
414
113
365
191
314
440
169
276
244
187
175
191
306
609
160
199
256
153
690
691
237
305
477
247
435
218
341
161
147
276
272
323
159
168
217
570
141
358
205
382
272
278
164
241
270
813
419
737
84
125
176
172
224
217
138
200
372
195
232
516
112
271
224
244
116
224
531
235
128
352
344
302
251
153
137
151
98
756
324
361
268
229
438
274
257
195
504
270
395
471
96
269
132
159
104
278
164
318
201
310
241
265
361
320
188
248
194
255
325
146
236
376
252
281
283
361
289
390
254
510
297
192
408
210
244
161
840
260
263
304
617
218
382
313
310
201
193
253
359
545
115
190
287
488
114
188
582
102
118
166
285
549
113
131
173
211
254
456
402
418
252
156
135
466
182
125
210
432
245
245
213
285
209
206
132
427
291
294
135
96
184
201
166
436
161
228
206
168
148
274
128
194
296
356
225
163
82
99
413
627
86
274
355
194
354
116
242
288
204
532
195
482
169
107
205
156
216
138
283
378
139
349
95
148
158
256
308
146
172
444
118
194
118
175
269
172
427
348
326
449
347
183
208
232
168
147
194
181
179
210
322
342
142
124
343
387
602
191
215
344
551
219
272
233
116
211
489
215
101
80
129
63
275
243
156
210
154
173
210
117
228
266
282
400
161
121
201
217
387
550
374
549
357
200
227
121
296
434
181
199
453
208
114
275
393
139
265
355
103
275
218
127
266
267
351
142
260
247
346
142
222
150
180
874
200
380
323
215
255
253
288
285
219
218
761
214
267
652
287
126
234
248
139
253
472
304
458
183
354
129
322
220
195
131
220
331
200
384
406
283
234
269
1265
129
463
556
380
263
325
145
268
389
324
116
108
363
130
478
360
381
167
232
203
288
423
247
360
81
282
424
100
389
161
249
260
497
156
325
247
161
209
212
152
400
348
146
201
138
520
368
147
300
128
265
313
328
224
590
134
147
215
160
130
329
101
254
179
409
174
381
197
296
391
516
421
314
424
338
183
383
275
320
148
397
302
228
160
190
301
186
182
318
559
157
127
184
135
135
306
306
345
88
99
364
325
105
145
264
177
327
190
111
214
257
179
186
340
447
547
189
367
301
252
242
161
254
121
208
199
780
189
385
318
209
126
416
254
269
269
429
273
181
313
343
240
263
159
245
209
207
221
100
363
662
246
348
124
332
214
329
182
709
374
357
230
236
755
184
268
98
198
241
156
145
604
1243
157
206
327
276
297
415
196
391
289
521
392
209
768
364
517
255
315
286
159
208
418
648
239
362
207
142
496
233
295
404
193
303
215
201
287
256
129
101
89
164
205
92
194
198
221
269
299
278
306
557
221
241
189
362
139
218
227
116
307
166
134
151
258
216
238
317
181
251
235
307
148
168
278
235
149
303
187
79
389
182
260
164
161
265
114
216
400
149
120
312
177
338
478
156
243
218
157
193
408
269
263
257
136
154
179
96
136
184
424
282
224
387
144
245
102
178
363
145
301
373
157
213
465
175
370
326
208
125
190
305
649
151
279
204
193
121
255
187
257
182
150
390
126
122
157
182
214
269
158
185
137
132
342
206
195
221
249
120
397
327
245
136
134
347
260
95
186
234
281
266
516
152
431
307
145
123
270
319
320
522
351
110
319
81
155
284
209
210
331
216
236
344
288
184
226
143
210
383
177
785
187
944
550
230
196
216
229
419
218
174
205
179
132
216
281
250
154
240
321
462
328
98
203
364
169
333
391
269
107
312
186
396
239
187
282
359
129
245
146
236
224
231
207
576
128
115
336
211
515
190
236
441
630
145
229
501
113
293
245
172
199
986
198
162
129
195
149
427
116
274
207
290
311
293
295
186
161
226
299
231
257
190
158
87
175
109
267
353
116
193
150
320
415
242
92
228
161
279
484
423
401
160
172
531
219
269
163
538
276
124
413
379
664
441
213
406
377
288
242
234
282
342
248
210
116
269
447
318
306
272
239
229
202
344
134
111
170
101
245
169
372
95
295
691
374
208
244
117
310
460
697
187
171
326
203
127
285
203
173
613
103
239
204
190
225
135
129
304
387
171
89
490
198
145
283
518
272
134
371
266
85
94
117
190
194
149
668
223
212
250
362
101
117
256
158
181
356
498
219
201
368
272
209
165
155
367
283
132
376
147
294
216
350
527
344
201
201
312
266
204
141
216
411
355
252
157
154
143
145
180
207
323
189
261
431
223
111
208
126
93
93
412
161
229
415
309
823
205
143
138
152
146
326
192
244
162
138
299
186
166
216
116
310
412
169
206
168
173
195
199
215
268
145
72
159
255
113
203
146
190
154
85
713
353
348
184
155
209
376
300
310
282
408
163
246
340
207
458
353
362
180
109
271
141
479
153
158
375
298
158
212
315
283
226
206
221
212
384
186
164
503
568
269
621
702
401
483
185
260
152
299
236
300
260
191
227
131
130
187
311
220
195
112
223
361
215
287
393
224
600
377
248
191
192
178
304
181
324
542
132
150
303
462
366
135
733
181
257
263
71
140
122
289
167
169
183
145
219
167
195
160
239
692
168
228
203
364
188
175
285
216
386
158
333
155
286
210
202
295
447
110
170
174
396
275
178
111
358
383
98
503
117
305
219
137
323
132
337
240
369
355
299
269
259
133
282
624
227
108
288
145
309
163
167
134
329
239
197
371
243
230
334
244
135
196
148
402
218
169
124
287
327
178
124
256
223
144
364
136
188
142
147
127
171
353
318
239
117
219
373
122
194
249
292
84
116
222
236
295
189
147
131
299
128
334
163
193
209
222
125
203
201
211
231
401
332
114
188
156
302
331
359
190
287
397
408
152
165
304
258
216
368
157
396
181
218
154
121
520
379
167
288
147
506
270
131
704
137
292
260
214
124
206
553
246
161
112
144
414
535
351
110
268
169
225
462
232
727
359
129
211
215
371
198
274
290
244
323
216
253
196
323
94
209
336
354
236
228
154
230
104
467
197
162
233
351
217
147
222
431
171
115
337
275
116
308
110
102
157
266
91
287
112
267
174
190
96
226
203
210
146
290
306
298
105
204
239
217
623
170
210
106
178
522
199
268
266
205
325
199
204
140
242
183
310
171
388
153
108
132
316
116
216
374
191
161
233
458
620
197
217
206
215
151
343
242
258
128
167
188
347
201
104
231
180
293
207
282
207
241
163
298
238
109
257
554
179
116
240
381
825
141
209
243
98
462
383
224
154
247
322
100
441
159
128
132
207
323
188
215
368
407
124
209
190
186
185
224
232
108
166
292
399
251
504
285
204
274
335
281
298
197
457
194
273
394
224
285
350
303
138
187
80
113
286
130
272
210
249
344
155
269
81
172
375
232
81
308
180
147
156
465
332
288
176
511
125
294
130
277
284
204
323
355
256
95
212
252
492
184
155
246
188
350
105
496
128
327
80
125
223
148
242
284
273
767
105
269
372
163
272
302
126
455
454
196
162
234
175
119
201
199
338
155
152
243
274
158
140
222
256
149
294
203
257
161
485
319
154
205
188
316
268
240
162
287
191
108
152
260
214
282
123
360
235
158
171
242
118
273
201
83
111
95
304
253
168
273
115
199
139
394
274
324
207
148
153
293
144
204
460
104
114
214
124
335
276
183
175
318
426
420
142
399
192
147
214
252
119
250
112
260
234
246
417
120
268
306
353
109
205
323
280
146
317
128
466
491
398
272
236
415
398
155
145
435
342
201
193
129
185
92
235
228
249
300
171
302
107
272
198
174
214
188
264
282
219
180
229
221
132
164
388
175
151
235
100
259
224
150
270
126
385
293
321
206
131
202
397
229
169
151
185
252
182
387
122
196
422
197
207
143
183
98
196
158
230
309
272
176
87
228
252
274
134
180
226
488
320
150
109
284
221
90
135
228
138
163
135
96
268
247
257
214
226
250
156
199
429
185
253
196
260
263
171
220
218
186
139
157
291
123
455
177
247
208
437
398
115
520
243
108
192
275
325
240
180
237
91
138
307
78
134
221
130
96
128
202
255
195
142
163
178
142
215
352
190
255
354
470
635
199
243
359
197
125
243
306
353
145
165
209
115
176
109
206
256
359
93
546
276
143
183
98
178
161
118
402
145
372
412
190
311
369
265
193
198
282
149
167
521
261
216
542
142
144
239
215
307
312
90
196
331
251
225
262
210
132
191
291
303
364
304
347
288
196
252
189
289
178
249
202
374
123
328
200
106
175
229
200
338
156
467
324
165
353
127
136
161
296
178
342
376
177
273
163
142
393
210
454
201
235
286
195
342
287
140
238
95
404
173
389
289
219
263
185
285
122
326
136
308
250
520
148
122
237
192
409
292
174
97
357
280
383
175
661
248
354
106
100
93
228
125
178
74
262
249
711
358
94
123
232
184
225
236
231
191
247
130
156
175
195
237
133
194
139
133
255
388
125
126
402
302
403
272
200
235
291
193
388
155
208
283
184
131
354
535
155
156
157
81
260
259
155
238
149
189
211
464
550
100
203
147
613
189
247
143
124
168
267
222
132
129
186
165
415
93
378
145
186
130
261
200
120
209
416
120
169
131
213
477
282
183
370
364
141
286
175
367
147
174
241
151
93
266
175
428
282
273
270
183
349
187
121
619
72
240
338
272
219
358
180
424
220
145
68
409
107
628
137
159
179
156
176
136
281
176
355
364
141
254
291
261
332
341
630
122
196
283
201
261
290
116
188
265
263
285
120
159
262
161
229
341
375
170
673
254
165
214
253
176
188
104
168
282
492
153
221
270
285
202
408
670
205
281
73
113
376
235
257
240
387
203
254
130
344
106
151
283
376
482
278
423
170
256
253
201
327
225
168
123
83
238
339
145
126
131
191
160
305
198
97
386
89
179
226
137
86
349
248
187
121
155
187
176
183
117
442
114
138
232
239
431
181
331
192
214
203
144
251
215
248
332
182
270
143
152
113
222
109
138
245
180
117
239
129
220
143
99
108
334
240
332
168
157
617
540
170
113
180
217
246
213
392
272
388
994
192
193
212
148
209
408
389
98
215
176
181
300
264
184
284
240
132
266
196
171
274
156
216
144
254
339
415
123
155
538
231
169
221
361
363
142
126
236
224
135
157
229
229
211
119
160
117
154
229
320
317
159
177
141
118
396
136
129
229
241
140
176
344
78
476
97
102
241
185
320
198
129
238
431
381
95
364
106
405
288
685
119
144
160
122
278
414
129
311
535
207
257
180
506
125
156
176
146
82
261
313
127
158
141
230
404
109
353
315
328
199
102
186
101
208
200
400
133
146
137
439
309
251
175
316
293
336
110
126
228
185
159
165
94
239
198
244
129
264
124
185
274
122
223
264
114
171
272
112
308
162
178
211
212
155
169
629
84
318
309
252
213
161
125
247
312
180
103
132
169
160
164
126
136
136
347
184
193
207
152
155
174
176
137
249
221
217
250
203
199
448
167
422
358
231
146
118
135
487
198
129
228
260
277
284
110
122
173
237
207
212
204
225
291
225
102
144
97
222
235
214
419
251
97
113
232
477
195
165
258
515
325
235
534
102
187
143
303
74
196
209
242
224
104
256
290
220
275
553
310
194
242
175
216
459
162
241
294
471
385
186
192
201
345
167
162
207
141
279
198
276
534
223
403
197
206
125
324
430
175
214
204
195
223
217
185
207
471
123
166
147
181
149
136
368
191
139
322
309
354
99
215
189
178
239
223
139
154
206
201
238
95
157
189
76
192
216
172
212
494
297
241
142
111
663
383
151
154
435
112
150
131
75
446
241
139
478
142
382
150
208
125
306
278
294
142
89
364
253
481
191
264
304
176
117
203
310
409
158
173
464
491
153
155
236
124
229
134
186
266
123
313
194
220
181
344
190
103
221
313
354
435
143
252
432
196
338
300
147
352
144
166
227
216
419
301
238
267
125
205
116
117
275
239
199
242
219
203
271
384
286
206
166
236
299
212
471
112
269
221
254
175
376
221
120
195
239
120
356
218
157
238
275
180
296
661
317
148
218
286
207
106
244
256
278
183
127
195
178
202
343
325
172
143
201
229
80
205
498
366
226
237
136
146
371
180
76
273
241
273
129
218
222
218
237
393
215
325
298
123
206
216
282
184
258
272
169
156
136
259
274
243
191
178
416
254
127
170
148
204
295
530
173
160
219
169
344
220
357
341
243
149
185
221
160
202
157
126
185
183
266
137
271
201
249
188
163
345
346
479
129
428
110
205
249
297
132
222
296
492
106
138
386
431
293
193
190
193
305
140
276
211
119
231
413
380
277
307
219
98
115
110
150
193
141
262
90
160
108
183
461
142
297
139
199
165
106
198
387
217
262
284
133
197
258
164
143
386
230
110
117
318
151
168
306
114
328
216
162
174
196
120
157
138
208
207
136
367
219
196
216
180
129
153
146
387
134
105
232
183
161
160
201
207
246
193
125
171
169
197
123
120
428
161
117
211
128
130
169
343
194
143
313
381
214
271
155
224
119
532
164
102
117
240
142
226
145
156
134
207
95
211
353
98
243
351
246
699
271
88
219
289
648
246
166
168
130
183
315
200
374
119
231
302
234
131
92
162
373
163
275
270
486
250
442
220
113
148
160
152
159
206
208
205
228
183
73
71
220
431
169
427
341
272
157
266
220
118
246
133
137
116
354
108
393
247
260
170
116
582
329
656
328
142
125
122
368
149
229
376
242
115
125
140
202
171
258
157
364
186
431
276
191
279
125
329
147
283
107
281
74
212
104
242
286
288
325
127
292
201
116
219
139
255
241
194
154
211
173
250
266
268
320
242
291
287
69
100
283
151
216
478
198
299
247
288
405
171
243
246
160
210
268
404
190
320
121
252
150
183
226
165
228
271
150
234
353
184
76
169
423
207
263
171
288
364
130
218
302
447
186
183
226
131
305
141
279
182
118
219
127
459
121
211
452
358
442
232
173
196
179
113
249
121
434
280
125
94
252
356
93
186
236
187
113
171
227
285
292
192
279
205
191
181
176
127
172
155
137
253
207
296
177
187
211
288
121
168
408
81
155
227
145
135
145
101
99
313
140
458
108
175
138
148
157
253
225
342
245
119
148
231
197
287
182
164
393
217
306
139
93
147
151
458
320
252
115
184
180
204
251
167
105
180
282
191
208
375
197
167
255
279
188
181
169
258
395
137
123
174
142
179
195
180
466
239
123
269
158
284
133
154
312
225
170
151
184
127
256
165
332
140
288
136
128
417
201
125
182
361
178
153
168
175
183
268
206
327
183
207
223
142
131
232
147
175
315
103
250
201
116
298
165
304
228
86
239
222
185
199
173
265
173
184
276
189
173
216
401
334
255
202
279
159
146
148
135
220
132
115
155
277
218
142
212
173
498
303
170
681
207
119
188
253
265
408
210
399
126
380
110
104
174
198
164
332
113
260
404
213
130
322
158
114
178
272
216
124
302
192
309
196
262
378
205
227
130
323
169
133
277
202
199
241
210
288
335
226
147
147
228
197
137
223
270
206
155
161
84
419
185
262
267
209
155
133
121
139
142
145
177
134
116
87
116
164
357
136
197
282
145
194
278
192
152
312
235
146
160
97
143
305
99
142
256
268
167
194
230
138
166
409
193
317
184
451
298
252
275
119
199
130
302
167
182
242
399
260
122
253
145
152
116
115
239
135
286
187
153
129
161
194
169
307
276
401
262
210
166
129
345
166
362
202
171
419
384
196
257
104
148
89
332
144
87
105
92
107
171
198
228
197
277
214
195
131
332
113
259
143
128
140
129
139
170
219
180
258
237
136
177
229
130
156
152
162
173
171
208
203
210
353
589
103
141
233
162
462
245
176
158
522
337
243
718
136
151
494
306
172
141
139
357
208
160
249
102
231
416
114
137
78
81
143
207
255
275
154
194
217
139
145
379
112
195
152
80
223
256
254
339
205
191
258
129
466
321
156
152
118
394
184
304
102
104
274
141
93
175
257
134
225
447
257
245
163
137
127
123
220
204
236
692
190
316
233
389
160
269
164
200
241
161
344
139
233
187
694
138
341
167
235
101
358
99
170
235
321
132
149
348
233
264
368
402
78
157
161
216
166
247
356
128
140
213
209
202
160
136
102
185
107
183
251
204
218
159
195
129
174
196
139
94
233
250
209
211
193
247
191
136
246
94
158
275
221
110
289
200
160
129
291
106
255
173
193
250
111
369
105
275
243
126
150
165
208
282
318
183
77
148
511
79
273
142
178
258
244
200
233
145
163
131
173
209
274
173
272
182
158
159
248
142
198
225
171
428
130
153
134
203
193
152
233
214
342
222
143
228
168
108
251
226
142
92
121
144
130
124
192
229
304
159
116
173
181
191
197
134
259
327
289
136
160
194
123
250
250
181
305
145
121
199
143
227
212
122
220
162
152
87
293
161
217
186
155
198
299
229
114
324
345
134
141
120
189
455
361
222
275
271
112
230
223
368
96
318
250
81
134
165
406
250
153
233
132
123
359
447
155
142
150
185
229
191
176
134
138
214
223
464
233
157
90
105
593
147
187
123
241
397
154
205
184
154
203
293
324
200
127
452
131
139
235
159
162
180
143
378
268
174
176
171
243
308
171
283
157
265
413
159
179
208
349
245
295
146
130
207
143
293
283
152
87
345
197
232
315
302
304
308
214
158
275
250
124
269
143
93
213
223
264
222
183
259
128
69
123
259
171
218
160
379
99
231
98
271
213
330
96
147
267
283
294
356
296
242
271
213
129
121
158
581
208
191
146
185
210
336
216
194
194
134
274
160
194
124
121
141
165
229
309
205
205
155
182
180
197
110
208
185
105
188
241
161
205
159
220
165
99
204
135
360
136
180
110
131
175
248
133
155
166
216
128
244
216
285
630
458
158
294
208
235
88
107
143
249
129
333
185
164
522
103
210
191
202
129
127
148
286
153
206
307
114
238
274
237
179
186
366
222
292
128
329
144
89
159
387
183
200
178
160
478
350
259
362
127
170
320
115
136
203
228
133
160
316
204
261
174
125
143
172
249
153
111
140
181
279
168
139
446
230
211
184
126
270
246
149
160
135
141
275
263
308
202
238
427
160
241
125
201
207
424
126
230
122
245
184
190
189
124
191
169
254
125
186
154
216
168
169
287
222
215
130
254
223
270
229
141
228
92
199
342
151
183
203
282
158
181
190
284
170
165
107
153
317
133
231
227
68
360
321
493
174
136
183
235
392
311
125
158
125
103
148
578
185
158
192
155
155
267
249
176
187
160
119
250
167
219
194
118
189
125
144
217
199
227
196
163
133
175
138
138
198
105
201
185
251
251
171
153
182
220
158
197
179
189
202
207
89
169
286
213
213
131
255
150
164
112
304
163
121
177
177
407
139
222
96
230
359
212
277
202
129
154
150
138
178
392
219
177
314
224
331
236
243
125
218
203
202
115
133
431
171
207
241
179
136
285
165
179
212
188
126
156
162
117
134
185
191
141
393
86
222
137
139
185
118
183
253
160
106
143
123
160
134
200
139
131
326
227
155
167
163
106
166
132
143
258
168
226
224
150
286
130
192
172
180
129
170
221
163
181
131
146
109
199
142
328
105
101
197
163
228
168
156
154
158
110
278
106
239
194
193
192
192
151
434
130
179
203
208
233
190
156
122
132
298
228
236
156
146
185
392
129
82
126
133
317
119
401
71
148
111
136
258
204
148
149
169
156
231
197
95
279
211
256
202
173
171
126
155
171
116
89
202
144
164
168
107
115
228
201
216
266
126
149
214
348
164
173
173
247
169
96
120
435
198
167
206
138
211
202
183
104
118
190
207
204
130
317
182
86
136
85
377
202
214
141
185
210
145
148
389
171
128
212
199
261
181
173
210
73
348
257
164
112
212
195
200
208
309
435
221
191
102
193
124
205
177
118
167
170
139
170
126
134
236
262
341
95
218
137
180
196
106
145
213
144
123
120
160
246
289
132
150
185
101
149
128
215
171
228
243
270
194
282
213
141
189
143
172
275
114
173
265
263
237
106
266
248
171
213
158
128
238
190
206
238
91
123
196
128
145
131
126
217
227
155
75
191
169
159
147
128
247
209
144
199
143
193
133
182
192
156
176
251
247
487
147
152
155
122
186
140
171
97
239
269
227
174
137
331
327
197
212
174
184
103
140
193
188
173
245
228
209
125
259
187
290
473
190
82
159
197
251
125
128
145
139
252
357
201
255
91
279
315
173
198
110
339
125
306
278
157
189
143
115
364
235
167
142
116
103
247
204
104
241
205
160
89
134
133
184
138
219
94
254
142
100
178
154
99
113
183
194
159
114
182
229
203
165
144
118
178
292
164
283
295
132
258
141
227
177
204
160
187
265
226
171
267
292
226
102
217
118
93
175
132
172
161
126
312
203
264
194
162
251
144
186
469
232
254
195
180
410
277
332
137
157
401
312
212
194
440
135
164
225
151
148
328
139
131
239
157
135
121
197
291
273
180
147
250
283
232
219
173
147
186
168
144
141
217
166
119
206
284
145
238
164
337
163
228
193
309
379
117
165
217
181
177
175
227
200
212
303
179
104
165
123
207
112
172
255
112
227
214
147
116
156
206
279
165
113
141
142
346
236
145
122
229
184
189
142
119
165
107
126
134
182
228
169
193
292
242
183
244
366
223
152
243
247
129
153
280
283
198
220
151
252
217
186
185
187
150
116
116
293
199
231
231
187
228
199
188
255
111
157
113
155
137
225
99
145
209
165
246
265
172
176
142
175
126
141
249
284
185
104
141
134
216
163
162
189
126
131
159
162
150
183
156
265
161
92
246
153
291
141
313
261
164
336
160
343
189
188
188
172
170
330
523
85
164
169
211
193
180
275
190
94
206
204
264
317
114
316
133
130
132
235
177
200
179
139
174
116
151
155
140
224
136
170
216
246
244
148
358
298
142
133
290
175
109
180
171
247
174
250
219
203
234
141
119
155
262
214
256
132
159
222
173
182
273
186
145
258
206
166
207
142
178
249
279
140
167
197
168
239
172
129
205
174
224
89
177
93
138
179
171
229
133
152
193
166
281
184
114
142
237
71
201
180
223
299
135
82
384
134
167
165
137
236
194
144
398
225
110
202
155
110
185
217
198
279
140
196
140
162
113
463
123
164
204
114
229
150
89
193
268
373
169
486
182
141
238
125
222
126
182
137
223
308
316
222
169
197
225
273
167
431
74
159
184
141
271
223
210
179
215
108
147
176
158
209
154
149
198
210
154
218
216
167
192
204
211
181
115
146
404
104
211
136
170
177
138
209
159
188
243
153
198
209
170
247
145
116
189
245
176
299
183
250
361
129
92
126
294
249
174
160
119
155
143
181
209
234
207
105
242
190
208
213
255
204
180
183
192
116
108
233
149
149
222
300
235
155
136
193
187
145
182
117
153
184
235
154
168
276
260
219
279
101
196
284
330
203
114
146
138
145
242
145
186
170
129
254
159
104
201
162
145
131
150
164
184
222
99
148
145
127
253
187
239
186
171
132
175
209
114
132
145
184
159
112
288
127
123
130
143
208
141
135
98
131
101
152
119
133
93
137
166
147
102
84
166
160
204
104
99
113
116
