15
12
37
710
87
190
62
27
15
74
122
43
39
36
73
243
42
27
24
71
19
56
32
12
85
30
180
19
36
58
158
38
126
87
56
197
66
78
117
62
70
54
79
73
120
106
16
53
252
60
129
46
98
43
175
45
12
25
62
90
20
31
32
127
68
109
80
63
60
53
72
120
36
32
193
113
44
57
144
83
19
13
170
37
115
179
79
98
105
42
167
39
61
42
37
88
37
42
35
101
41
97
77
11
75
28
48
33
40
58
120
64
69
46
196
84
42
119
71
31
50
115
16
153
272
45
44
72
42
205
83
119
47
42
20
104
31
84
201
168
130
236
79
83
28
59
98
41
39
236
35
67
113
37
112
101
105
91
67
28
24
56
33
233
28
88
40
44
99
37
40
43
158
19
53
45
84
77
33
98
31
89
39
84
22
39
70
21
59
56
19
116
44
33
126
33
47
107
31
92
105
68
380
27
326
118
40
102
6
121
70
28
32
28
73
23
197
102
25
61
23
35
190
86
27
52
31
52
24
247
105
31
14
12
27
122
31
98
65
11
37
5
44
95
42
31
56
124
57
154
39
89
20
14
69
143
162
148
33
78
19
89
136
119
84
74
55
277
17
74
58
52
68
106
40
115
37
43
59
26
35
90
88
66
22
68
67
104
280
132
91
8
25
73
126
102
31
51
378
20
45
102
61
122
35
77
52
120
31
50
60
42
96
111
50
141
75
21
78
44
205
53
46
22
28
45
47
93
92
108
63
24
212
64
36
96
77
116
59
118
71
10
18
28
38
24
35
39
38
51
74
9
27
41
45
214
78
101
255
231
78
143
78
24
73
76
36
27
213
29
4
71
23
84
67
80
27
35
10
18
139
123
84
118
52
45
227
57
37
161
42
84
52
41
49
42
38
40
49
29
80
59
57
35
119
163
69
33
58
143
26
40
112
58
32
25
42
59
27
15
72
27
70
40
103
144
58
37
101
48
34
82
174
39
83
52
108
138
46
51
57
11
57
95
29
25
17
14
41
75
198
90
13
56
181
162
49
47
105
21
162
192
42
22
90
72
48
34
53
84
62
19
31
43
121
39
29
44
78
60
83
53
69
155
44
22
122
77
49
51
95
174
151
47
97
103
76
132
34
27
67
35
36
35
39
24
7
70
83
63
113
118
84
66
23
29
175
83
48
52
150
50
85
235
136
70
24
30
98
47
26
36
57
260
71
33
84
38
116
23
60
65
5
30
23
21
196
78
167
45
45
36
133
62
78
219
103
89
179
40
99
21
66
40
89
114
206
81
191
44
52
109
23
95
64
79
43
64
180
26
58
91
45
36
260
76
36
104
13
68
128
77
184
44
42
44
135
37
31
29
23
24
151
75
245
117
35
37
19
24
55
21
101
41
16
20
46
48
23
71
69
28
26
197
45
162
27
158
39
148
18
175
36
169
98
40
83
318
16
88
108
66
88
301
47
79
44
266
42
101
79
59
45
50
15
55
88
62
39
65
67
248
30
41
45
127
60
35
120
69
106
75
15
23
66
29
78
14
71
43
113
34
86
68
41
71
84
24
114
36
49
43
58
184
60
50
14
30
99
260
31
42
161
25
25
30
70
228
65
42
52
39
30
68
52
16
120
63
17
94
32
63
76
60
84
38
99
45
34
33
57
9
64
50
43
179
184
409
86
35
20
21
453
50
13
75
105
114
123
35
163
104
12
10
51
157
92
28
32
26
43
64
38
151
19
107
253
214
12
76
10
45
241
42
77
27
44
96
83
91
46
27
38
160
55
57
120
15
89
256
74
41
128
58
86
53
153
95
65
91
27
18
40
77
52
261
28
68
34
47
61
66
40
40
51
22
70
80
41
33
28
74
48
100
48
31
105
33
34
61
23
68
49
23
63
77
26
60
105
78
77
36
216
33
144
44
29
53
31
57
72
37
23
19
29
15
111
30
74
102
173
62
130
10
119
75
34
25
20
70
52
44
45
22
77
48
46
30
67
45
28
18
80
18
14
61
68
54
68
11
115
20
39
44
60
27
181
62
23
18
77
21
60
23
35
99
12
145
76
75
105
71
14
60
42
38
35
18
17
27
31
37
39
83
61
25
45
79
44
57
86
38
242
95
27
54
14
20
24
136
134
78
95
90
182
161
19
53
203
56
46
63
133
17
110
42
86
53
226
106
77
64
164
37
61
58
125
73
43
26
40
8
25
242
147
96
117
72
73
58
36
33
87
23
22
36
77
46
21
36
48
52
56
53
33
240
77
46
40
73
99
55
162
189
44
54
73
168
129
78
15
52
27
186
63
83
21
12
17
26
53
27
88
135
9
19
74
42
56
74
89
42
112
135
111
108
25
88
82
65
18
31
131
35
36
49
83
146
91
43
172
28
68
54
52
58
38
229
84
93
10
373
40
105
67
30
29
89
23
74
19
91
35
91
12
32
115
32
57
35
137
17
20
10
34
92
35
86
23
57
54
25
63
306
138
14
57
28
14
119
95
148
36
61
228
40
13
52
87
67
55
26
19
29
103
46
91
36
29
46
35
15
197
40
92
69
86
112
21
78
64
18
47
30
37
46
84
86
41
51
47
58
90
34
33
75
10
63
51
185
119
83
145
29
15
60
123
103
91
26
40
31
74
35
116
75
130
52
90
47
129
52
36
228
65
30
171
122
80
72
27
15
156
64
64
33
35
27
36
44
12
39
52
169
90
21
262
13
20
70
40
42
91
22
26
62
19
26
47
16
86
49
52
18
100
27
36
31
290
72
31
53
17
23
38
43
103
87
27
103
66
95
154
39
113
30
60
24
60
220
95
59
29
42
13
36
45
26
62
177
52
51
23
21
57
90
63
43
101
16
63
268
167
133
162
117
81
147
81
126
108
19
72
121
70
29
39
55
48
54
79
54
68
51
74
45
10
150
38
8
152
27
71
70
114
81
4
124
92
92
25
194
38
141
31
70
41
53
166
42
131
41
89
257
109
71
125
44
174
82
147
113
16
61
99
63
60
25
131
30
99
72
111
128
89
70
90
95
23
60
29
110
131
228
68
71
90
9
19
102
47
74
223
22
115
136
37
36
126
21
45
40
112
51
23
209
32
22
59
79
117
56
15
27
41
90
47
13
63
350
15
252
47
27
49
75
24
188
59
75
64
16
35
44
157
57
69
119
92
42
58
35
196
41
162
17
32
26
58
38
9
126
107
29
15
29
102
323
39
87
67
128
31
42
157
27
60
59
28
100
84
25
60
35
32
24
175
24
39
98
72
71
33
109
89
49
130
50
81
43
45
105
94
91
107
35
5
17
56
61
14
17
85
85
190
220
126
17
76
71
74
28
20
30
27
46
64
52
54
90
17
23
72
168
76
38
27
40
103
149
27
50
68
22
75
65
14
243
199
9
48
17
47
134
104
111
73
45
74
31
136
30
45
20
46
188
49
96
58
141
56
90
47
34
45
28
66
42
76
38
27
56
83
55
165
35
25
95
95
22
66
141
24
134
45
65
47
61
34
82
51
78
17
13
82
141
70
73
67
67
95
24
132
16
197
86
87
63
70
66
43
23
13
88
39
122
52
49
48
59
15
73
94
101
32
24
66
110
95
39
298
62
39
43
153
82
22
35
26
69
117
30
24
95
52
92
26
26
30
41
45
105
68
32
133
11
23
49
80
244
55
25
35
62
68
22
69
72
26
77
45
31
30
73
31
14
36
47
73
164
37
97
16
78
72
82
98
99
47
77
84
54
58
22
93
93
71
37
16
155
164
38
35
45
38
94
27
89
35
250
34
87
76
96
47
68
38
43
82
184
37
48
72
53
98
27
50
91
81
69
32
41
12
64
158
75
208
32
39
17
30
58
33
36
14
163
24
31
47
85
43
16
13
102
72
76
44
16
29
242
70
19
22
92
72
60
19
74
186
36
68
23
108
37
64
36
102
34
21
81
52
94
46
45
147
121
36
226
96
85
20
123
162
130
196
29
65
84
35
68
42
249
67
46
58
133
78
65
22
65
25
74
43
70
72
76
54
136
45
33
37
63
101
181
16
25
49
121
87
36
17
29
31
117
87
19
33
27
208
123
68
30
15
17
34
49
229
73
14
82
15
72
13
21
76
156
220
227
11
184
93
28
183
97
49
117
91
74
19
79
53
27
58
23
100
49
56
50
51
70
30
116
27
67
34
21
71
53
22
59
59
30
49
50
24
155
38
30
18
29
36
37
370
63
88
205
37
28
95
80
72
29
23
24
37
46
48
65
110
111
23
58
25
99
22
23
102
58
125
16
35
29
43
62
51
20
109
55
41
36
58
18
10
13
92
92
62
62
53
14
141
137
25
30
39
228
47
99
21
32
31
76
46
17
75
43
38
46
40
40
66
306
71
59
44
58
49
14
213
84
83
18
24
196
32
39
42
90
64
64
26
34
56
16
70
20
27
76
21
97
59
48
127
146
30
137
42
159
30
151
280
141
58
39
76
47
62
114
51
28
54
36
153
99
32
41
99
72
20
51
18
23
42
54
34
119
56
70
70
45
140
22
129
82
33
22
132
25
118
36
85
22
38
26
77
85
70
24
18
30
92
157
24
119
205
48
47
113
30
22
159
23
24
122
22
126
173
205
113
347
24
49
56
165
96
196
201
16
23
34
20
63
39
98
85
64
30
76
72
54
47
64
223
20
39
30
22
24
28
14
164
73
128
49
211
41
98
15
24
132
24
27
28
68
43
199
83
31
60
176
59
92
41
93
55
56
49
67
262
140
25
29
40
10
82
49
97
20
34
44
13
56
80
26
26
32
26
58
41
154
7
48
167
76
47
77
74
25
19
37
56
21
22
62
115
64
125
94
34
75
48
34
119
88
80
147
28
58
21
24
163
182
33
84
76
68
32
100
57
63
75
25
164
74
17
54
9
42
72
42
56
23
19
46
124
308
56
210
110
58
26
41
27
40
29
42
79
75
49
154
82
23
108
71
106
46
14
45
87
42
40
365
76
46
95
47
116
141
101
130
51
67
20
46
16
115
32
93
100
20
135
75
41
37
100
64
16
29
12
202
12
269
77
28
18
15
144
38
26
39
17
47
19
65
32
59
58
118
45
30
17
57
144
37
30
49
91
139
180
31
63
57
36
66
25
85
97
99
243
10
139
107
160
82
69
29
50
41
49
72
382
51
71
47
16
42
40
195
10
50
101
173
21
127
29
153
35
47
48
70
54
193
118
34
74
29
62
52
21
45
79
115
31
49
44
50
292
29
84
51
55
73
7
94
19
25
62
144
51
176
46
51
23
21
37
51
87
9
40
57
80
67
74
17
98
38
25
46
118
129
12
12
231
60
105
28
55
80
77
102
139
46
137
44
95
110
30
56
14
110
93
187
91
43
139
60
64
27
85
142
89
48
42
68
178
42
59
56
54
58
65
48
50
34
26
159
152
44
22
67
43
149
83
44
55
37
167
52
50
100
29
54
121
57
21
219
54
38
60
44
68
31
22
20
289
96
162
71
35
42
19
41
30
28
72
35
109
36
51
110
67
13
53
211
84
54
12
21
47
54
74
59
63
30
42
60
134
48
63
93
45
107
51
50
42
51
97
181
30
48
128
41
77
113
62
47
89
50
44
27
141
205
16
23
61
138
69
51
123
129
36
52
20
156
47
65
85
63
16
62
25
58
21
44
26
78
47
91
150
31
24
183
22
14
67
73
39
95
140
25
88
15
25
58
161
48
112
35
23
92
16
25
103
81
20
113
23
95
53
54
51
39
35
99
56
100
64
60
56
90
49
8
56
36
34
46
121
127
73
76
30
38
96
177
15
66
38
67
54
22
120
46
75
41
42
95
54
64
128
52
48
11
29
102
154
31
100
81
18
41
125
12
55
32
51
47
47
81
74
128
46
76
87
28
32
62
91
15
107
20
60
120
33
77
36
38
61
31
44
51
33
71
48
24
73
34
103
61
77
72
11
46
31
76
33
39
57
49
57
53
91
49
191
26
126
76
49
43
49
50
20
18
57
23
43
30
72
42
57
49
54
20
56
63
40
8
20
62
30
9
51
30
48
81
49
43
68
124
107
29
134
129
119
67
84
40
29
193
40
26
29
23
105
28
18
123
55
23
80
57
33
62
47
26
32
45
89
117
247
59
65
13
32
25
65
88
77
70
62
32
59
51
29
37
33
21
30
155
27
100
91
71
134
65
41
19
43
44
135
101
66
55
69
33
4
136
41
32
53
59
41
47
105
80
37
26
34
95
84
17
376
160
42
51
47
77
50
65
32
71
32
104
32
51
218
32
74
26
81
51
52
13
35
20
40
138
44
33
30
36
137
29
4
79
68
98
28
58
36
20
41
44
62
38
109
46
86
31
127
88
166
98
97
83
19
285
81
90
25
145
99
19
24
714
41
77
63
18
70
99
26
32
37
167
31
18
121
93
99
66
136
16
73
111
16
7
190
28
5
20
134
36
38
21
36
42
48
53
49
45
220
41
29
301
107
108
57
57
52
53
44
55
48
39
112
72
80
35
108
155
86
14
10
39
33
68
132
198
41
41
100
164
23
43
40
37
70
143
44
296
52
31
57
51
18
167
25
52
68
41
62
258
91
37
28
29
37
345
37
135
35
35
128
25
75
15
95
65
171
103
18
59
37
15
47
65
80
80
75
95
36
58
21
80
18
52
100
99
56
143
21
53
24
93
36
50
101
194
91
82
31
55
27
56
87
30
17
71
27
64
49
64
47
65
74
56
10
37
110
60
53
47
56
49
37
225
208
141
26
17
38
134
113
196
29
15
116
41
34
27
52
82
51
90
202
38
181
75
43
46
105
72
42
37
39
51
97
31
19
24
53
53
42
93
17
91
47
78
111
173
44
93
167
99
62
111
61
29
34
76
28
46
73
14
36
57
22
57
137
36
142
151
49
18
41
43
66
116
133
128
98
90
33
88
39
41
154
66
68
115
35
82
69
76
53
46
59
71
162
35
29
29
94
27
23
75
115
29
40
79
52
29
164
55
55
95
32
49
92
133
11
71
51
116
53
12
36
121
38
20
69
25
30
66
24
25
30
30
52
77
30
32
54
40
66
61
21
92
68
24
160
78
6
102
134
121
17
87
48
25
14
58
83
49
20
35
21
28
69
47
93
85
45
35
110
42
145
138
76
42
57
98
26
91
78
29
46
67
28
16
23
76
102
53
172
74
38
54
28
39
28
33
38
16
36
87
55
69
250
42
55
54
63
231
45
28
36
43
23
62
126
50
23
26
97
49
43
105
240
39
40
23
177
58
28
46
76
31
42
95
74
37
40
28
52
29
103
7
75
147
11
32
63
61
62
9
31
24
14
32
44
13
34
183
67
137
80
84
58
43
30
21
60
36
45
42
55
18
40
155
24
143
91
147
28
27
20
45
65
55
117
273
52
59
55
46
95
29
56
26
25
16
239
103
44
59
47
36
84
50
36
147
29
28
157
42
53
31
12
151
14
34
82
68
37
31
29
54
27
162
96
133
33
137
72
78
104
82
79
119
20
175
32
23
104
45
16
28
70
47
30
53
30
38
11
101
30
65
39
84
33
54
85
49
91
42
50
60
101
43
235
28
17
47
44
207
89
27
126
72
69
7
22
87
11
39
76
48
95
152
45
103
25
242
18
95
24
38
36
44
21
132
74
39
90
19
40
72
92
41
98
57
82
48
126
36
38
41
34
46
87
42
100
45
48
13
68
55
60
8
16
20
74
80
137
39
34
49
75
48
36
95
43
72
46
37
51
56
86
216
28
60
37
39
77
45
38
15
24
82
20
53
69
122
32
16
99
27
128
42
147
39
98
436
85
31
22
33
158
89
67
43
20
159
62
49
47
56
36
53
20
64
38
65
10
27
38
183
114
6
5
41
25
31
22
73
43
25
52
59
32
181
32
88
42
174
26
22
40
33
19
26
116
23
39
47
21
81
31
22
15
120
42
14
19
69
109
140
52
19
35
58
139
53
31
54
18
35
17
28
76
63
43
86
83
20
46
26
57
28
161
86
65
41
52
92
54
75
29
25
33
175
16
84
12
59
27
55
146
21
84
152
12
26
90
17
185
57
20
76
55
24
116
18
51
52
28
27
109
121
44
36
64
205
176
29
141
74
69
36
12
83
48
19
30
69
22
298
70
52
71
23
78
46
16
41
78
26
109
73
20
11
38
7
283
28
33
37
28
17
22
59
47
30
42
30
41
125
275
42
29
147
65
23
90
58
13
88
188
139
99
23
71
50
128
17
97
24
42
129
21
72
79
7
25
60
17
55
36
61
127
44
68
50
26
34
76
72
49
41
24
12
76
39
43
172
21
155
23
67
55
84
64
108
21
33
66
55
113
189
70
192
82
130
85
31
32
82
24
73
187
29
34
24
206
68
65
9
17
56
82
32
28
75
25
29
118
15
17
51
108
48
35
36
87
64
17
110
11
25
21
49
55
71
54
42
35
17
56
131
33
35
59
64
46
78
191
62
203
75
121
79
41
66
196
74
135
43
15
42
24
25
108
143
54
48
84
95
53
19
45
34
11
10
29
121
56
72
70
23
21
34
53
68
36
22
29
102
80
72
36
127
22
35
23
37
53
55
30
75
75
47
27
79
19
49
78
67
95
62
23
60
19
101
59
17
32
125
66
43
49
66
39
25
89
225
30
18
10
108
17
66
98
32
31
28
30
191
43
39
101
114
28
9
34
71
43
89
46
117
73
62
26
74
88
69
45
10
37
57
23
94
16
26
61
242
102
35
47
44
46
41
69
48
17
122
46
62
53
7
66
371
20
51
80
81
108
55
140
48
67
24
38
34
38
43
32
15
68
55
88
86
27
88
63
56
16
84
71
113
73
57
41
39
13
23
60
74
13
122
55
23
67
47
29
32
67
107
46
69
11
85
70
78
84
155
34
33
57
39
20
50
222
18
39
28
119
55
93
53
34
24
15
38
90
104
56
28
23
42
176
93
53
68
10
9
33
81
133
40
141
37
41
90
13
164
60
34
28
30
21
25
13
90
98
94
134
20
30
93
23
42
58
148
162
29
27
188
49
171
38
159
15
54
106
57
77
28
17
248
34
36
151
53
60
96
22
65
52
118
40
20
51
61
105
27
45
57
17
11
61
119
7
105
6
22
53
75
28
73
83
16
30
49
103
32
112
25
36
88
122
149
142
113
57
36
34
19
169
47
14
64
55
51
57
38
67
39
132
57
53
47
332
28
34
96
70
24
64
59
113
27
36
38
24
81
97
66
83
43
77
42
73
168
18
17
126
61
26
45
40
73
163
54
112
104
39
38
54
22
9
105
73
54
57
66
98
35
43
84
49
43
169
82
45
72
79
28
32
68
40
24
62
52
46
13
143
165
35
48
70
96
23
72
45
80
43
89
108
58
163
64
140
92
40
37
126
33
32
17
62
69
104
13
42
83
114
30
105
37
35
4
57
71
73
32
62
57
34
74
32
92
9
61
59
17
50
95
57
49
59
100
85
82
56
23
26
28
30
128
29
255
37
11
30
46
16
26
55
125
31
16
75
49
29
149
73
41
41
74
186
29
25
215
29
81
21
74
84
152
30
69
23
83
56
97
205
84
26
37
97
40
48
132
58
28
254
71
16
87
98
84
43
62
4
40
35
106
133
26
143
10
59
9
15
67
116
110
37
46
15
19
47
48
7
10
36
38
18
14
7
56
49
95
32
15
12
47
111
214
38
34
129
64
135
141
70
90
11
107
98
30
57
71
112
126
25
80
113
15
202
19
22
44
80
97
55
50
18
28
30
46
41
65
40
101
63
52
76
30
131
139
45
13
29
228
22
51
59
45
70
19
11
70
68
49
219
71
100
26
150
88
10
22
36
68
29
30
43
110
37
33
39
32
181
26
17
91
37
9
22
64
45
71
72
22
44
38
45
30
33
36
35
76
34
6
85
161
112
100
118
102
43
79
80
21
28
56
36
74
60
52
30
61
65
113
126
109
118
46
48
94
66
165
21
46
10
48
38
59
23
45
94
71
19
30
61
26
42
98
9
75
11
45
45
29
41
14
21
179
82
34
28
47
222
74
30
30
91
145
31
48
27
27
34
81
17
40
83
95
146
43
49
34
39
81
102
80
29
33
92
41
67
59
48
111
72
62
82
50
102
49
26
78
112
128
30
21
28
32
20
84
67
12
16
79
14
63
19
40
73
41
160
22
41
39
28
30
57
51
157
88
22
17
4
26
37
134
46
66
17
24
148
37
39
104
46
64
33
71
31
487
25
47
198
24
151
120
57
35
41
53
121
25
30
148
91
36
147
73
121
66
20
56
15
39
44
19
100
41
23
36
50
91
297
51
14
62
147
58
31
76
179
106
225
58
4
11
111
47
26
87
64
15
58
116
183
34
20
135
88
9
112
41
60
46
34
68
13
116
90
68
49
26
77
57
34
64
42
41
223
22
20
22
21
59
33
15
15
36
97
18
64
59
103
35
58
84
52
79
34
15
64
170
16
65
35
135
58
23
29
39
60
120
26
36
13
192
22
20
166
16
70
73
229
51
32
75
31
30
49
12
130
36
10
11
15
72
45
99
45
100
121
27
103
6
114
251
74
79
33
99
116
29
50
35
99
82
21
39
13
117
95
44
38
26
51
8
7
35
14
112
55
25
90
140
151
67
57
17
28
72
40
20
24
80
33
99
33
11
45
63
61
29
77
40
13
56
50
27
47
51
42
36
17
20
64
30
82
48
58
22
20
84
89
17
102
53
15
125
48
15
36
50
42
94
145
56
32
7
27
16
26
44
8
32
87
34
17
90
35
46
41
25
35
81
21
96
28
213
93
62
104
137
75
39
63
18
27
36
51
51
15
72
113
218
68
25
33
52
34
209
119
158
70
71
23
20
94
38
66
124
50
51
47
93
99
106
82
45
15
46
62
22
65
25
34
51
121
63
108
78
26
114
194
25
25
17
31
39
40
23
60
74
150
78
3
50
140
51
70
71
68
21
21
126
52
63
20
156
116
64
13
37
76
38
25
44
11
18
44
120
21
22
67
63
88
276
47
80
73
33
46
82
59
21
129
70
106
66
124
41
208
132
65
33
155
48
33
83
19
16
66
94
23
95
269
28
34
118
57
77
80
34
27
25
28
137
33
8
53
14
50
54
66
16
103
34
89
108
57
23
27
179
60
57
67
110
76
77
22
21
9
23
37
48
53
98
89
22
67
56
57
41
56
47
110
94
92
32
121
114
99
63
30
69
99
95
15
38
149
35
44
39
62
41
33
32
20
126
87
68
15
40
69
88
61
47
39
89
19
15
22
29
79
5
96
168
41
59
70
65
84
60
83
47
70
57
41
36
73
51
63
13
84
58
80
50
29
20
97
39
22
43
80
28
16
22
130
92
56
49
50
16
106
67
64
35
24
80
143
284
46
27
19
38
42
32
374
12
39
202
14
112
74
113
89
80
118
26
59
59
113
109
24
66
127
108
147
85
15
19
170
156
47
29
35
24
63
77
22
34
36
108
19
52
81
23
30
21
73
47
154
29
39
69
29
64
75
95
32
102
87
39
74
72
190
31
115
77
57
78
35
51
56
25
32
69
29
36
23
50
44
78
29
32
51
70
76
20
98
78
112
33
61
30
32
38
62
58
85
86
87
4
7
60
48
28
35
119
24
37
15
45
8
126
93
108
107
32
32
23
130
66
17
76
175
150
19
55
163
91
119
33
37
22
47
17
35
32
12
75
30
72
141
30
29
101
47
22
48
78
21
33
31
44
142
152
36
22
36
105
89
55
31
47
23
164
118
21
78
164
51
52
37
82
85
8
22
61
60
53
40
56
59
115
78
15
10
86
35
36
93
92
31
65
30
71
74
33
21
4
168
72
26
65
45
54
36
40
71
152
26
66
56
44
13
29
89
11
84
73
30
35
84
11
50
32
75
25
89
74
75
91
36
29
39
35
36
22
34
105
41
33
33
123
67
15
4
33
24
44
39
30
76
25
45
49
142
60
63
65
42
32
10
77
25
101
40
45
110
53
87
99
39
9
26
71
47
43
9
26
35
54
87
47
46
43
213
63
53
99
31
71
38
25
58
15
117
28
68
56
87
15
37
21
25
50
395
50
61
95
19
43
216
50
17
34
15
126
26
13
119
34
32
34
39
77
44
156
31
68
78
20
30
74
15
31
45
21
11
133
35
41
33
56
38
106
107
16
35
65
21
30
28
30
30
80
64
47
37
27
24
82
62
173
61
59
78
79
33
81
28
34
118
33
77
23
20
47
22
38
67
34
97
67
21
123
59
11
41
56
53
30
62
12
26
26
35
33
21
94
5
61
28
18
35
84
29
67
51
21
65
56
11
16
43
199
25
21
53
20
29
119
42
114
32
26
37
30
70
226
43
23
64
16
68
37
61
116
154
57
45
44
2
16
16
76
85
53
30
20
50
47
41
33
142
46
141
18
149
47
83
102
35
34
39
73
19
103
11
64
70
13
21
18
48
29
59
50
29
97
65
58
8
27
16
54
29
78
54
29
48
45
53
12
8
29
43
67
46
143
45
4
25
48
29
69
38
36
41
16
83
46
43
79
35
20
32
14
19
97
180
45
58
99
72
98
41
115
100
86
16
77
34
13
67
28
10
48
39
50
13
13
135
97
64
41
36
54
101
41
59
55
40
204
102
39
30
28
25
27
71
52
13
54
19
110
55
29
63
49
92
62
62
40
46
56
14
56
37
35
53
61
12
34
77
66
34
81
31
63
17
96
38
90
14
47
82
66
62
30
31
128
64
143
36
39
34
11
22
63
104
37
61
35
179
161
129
39
27
49
45
75
16
80
78
81
125
9
46
59
27
105
105
41
8
60
17
176
27
104
38
35
67
129
50
13
96
91
13
107
78
57
74
25
149
31
27
26
176
49
68
29
13
18
26
62
73
63
45
72
73
74
49
28
37
37
20
84
23
40
7
38
50
26
76
63
43
124
40
34
56
23
110
14
25
82
39
132
128
50
93
41
40
101
16
51
188
33
29
58
92
58
69
124
25
19
10
22
26
45
50
22
22
74
37
15
56
112
22
32
14
28
22
24
115
47
119
25
87
41
18
56
25
40
65
26
59
19
14
59
44
39
22
28
34
28
26
42
49
92
49
39
38
8
56
13
112
77
27
41
69
41
41
35
67
33
79
48
93
31
14
33
17
33
42
57
27
54
40
77
19
30
63
49
43
74
26
28
30
103
104
24
13
168
45
29
185
36
72
36
72
24
63
22
78
121
34
45
27
90
40
28
45
71
32
58
51
31
66
41
93
34
68
39
95
25
96
55
51
163
111
50
28
30
117
29
49
46
8
59
89
33
49
44
72
118
57
22
8
71
70
52
126
38
92
4
57
15
65
90
24
30
45
84
52
37
46
83
32
46
90
45
14
142
103
154
70
14
24
60
34
41
72
96
33
19
30
28
98
23
83
38
42
36
104
31
82
37
13
69
87
46
65
21
28
22
45
44
22
76
85
100
69
22
30
34
88
71
41
22
102
21
19
66
31
64
31
38
23
22
26
27
33
47
25
63
20
49
53
109
50
15
40
34
38
17
52
23
52
51
83
60
61
25
23
20
68
14
26
99
22
33
78
66
33
48
51
13
79
123
20
89
93
58
47
13
85
24
72
49
26
27
12
148
35
38
78
26
90
156
55
36
48
77
40
32
24
36
58
36
130
101
76
64
36
90
16
24
58
27
12
29
71
149
24
81
38
54
83
71
23
111
70
11
66
202
35
63
30
77
12
129
19
10
37
22
50
54
10
57
24
65
69
47
10
95
117
69
26
59
68
47
21
114
35
60
19
106
23
23
89
73
71
84
51
29
57
81
50
73
156
84
48
59
24
21
67
73
14
98
60
106
33
85
32
22
27
116
58
41
30
38
29
51
41
123
29
72
232
57
165
201
26
41
32
76
76
27
174
62
111
4
108
38
40
122
85
94
141
117
54
76
65
13
25
57
97
104
45
98
26
69
10
26
91
65
59
79
89
34
94
53
91
49
58
37
28
46
30
38
95
50
82
27
107
64
29
24
26
32
17
39
92
73
22
14
57
26
26
56
27
90
52
29
5
178
9
87
14
96
189
17
131
20
64
73
55
57
63
28
9
45
58
28
43
28
22
46
44
75
51
34
32
97
134
25
49
19
75
25
157
36
118
19
63
67
20
50
51
29
32
35
35
29
81
97
32
32
66
46
77
8
35
57
83
17
52
48
14
9
40
15
39
54
54
134
17
49
43
113
46
121
63
60
52
41
82
41
48
26
29
31
143
38
38
57
27
43
62
73
44
68
107
267
68
38
103
110
29
14
44
46
14
37
20
24
48
31
41
6
121
64
36
108
68
112
9
54
60
28
32
14
71
71
22
26
23
78
45
8
81
12
79
43
39
39
24
93
104
47
113
17
75
72
132
42
10
61
238
33
69
87
121
52
39
95
48
73
27
122
40
102
40
39
62
111
19
41
83
61
16
78
46
22
21
35
40
33
31
77
99
56
35
50
50
90
52
112
65
54
105
98
42
124
80
8
42
26
53
21
42
55
39
33
30
43
65
16
18
54
82
58
6
66
83
41
48
183
58
65
15
28
65
133
20
26
22
86
31
144
25
23
51
26
63
36
18
15
66
39
53
21
16
126
43
39
34
40
12
36
98
57
70
45
55
115
36
20
59
27
50
85
98
69
11
17
58
65
50
49
25
31
29
15
31
43
80
25
43
63
113
64
62
86
59
36
83
68
18
102
58
51
113
62
25
113
29
49
39
34
54
38
22
57
17
8
14
170
54
51
34
60
32
29
33
149
74
41
19
268
79
44
39
77
140
7
49
61
54
20
131
32
23
92
30
52
43
78
91
30
132
58
76
27
30
34
64
19
84
45
74
47
48
67
81
57
26
93
36
80
112
27
40
43
16
56
36
50
32
41
18
75
60
65
58
15
58
39
93
21
10
32
47
27
29
31
12
91
16
37
21
40
80
39
13
83
41
41
37
79
40
63
80
31
25
85
16
35
49
65
73
25
48
70
26
54
23
47
73
88
44
63
21
45
22
30
27
110
74
57
39
38
46
40
56
20
76
13
59
20
32
72
136
65
147
26
23
57
42
27
43
46
19
51
50
83
66
49
29
100
86
50
46
74
29
18
87
35
55
31
16
46
88
55
47
54
70
32
12
36
48
52
60
33
26
79
63
64
24
45
35
59
35
27
33
85
64
62
34
37
45
185
30
130
33
26
25
95
27
40
32
47
113
16
36
163
16
76
66
53
23
83
55
72
54
127
50
35
52
50
37
75
32
78
38
25
274
31
16
22
29
26
83
47
19
45
28
11
25
48
97
14
37
33
37
36
41
25
47
18
107
61
60
86
51
15
114
29
81
40
42
28
49
44
27
35
66
27
51
68
32
86
20
21
18
18
25
49
48
23
28
62
30
56
70
10
27
42
14
58
59
31
13
21
87
22
91
64
21
18
108
21
88
61
29
178
44
127
25
18
38
112
38
33
17
88
18
12
26
30
17
19
23
31
126
68
24
75
34
35
19
82
15
7
10
67
6
42
74
57
78
51
43
63
33
136
29
151
33
17
67
65
43
64
17
14
27
24
71
26
44
82
65
53
122
136
35
13
64
89
28
54
64
22
68
58
90
43
123
16
44
129
27
90
14
21
74
18
56
31
83
31
60
128
62
91
27
11
40
15
67
33
23
11
56
45
61
12
76
74
31
9
27
44
92
107
40
42
150
106
36
10
49
30
80
72
50
14
19
59
41
54
40
89
27
78
17
61
40
68
40
44
31
44
155
29
26
48
90
96
94
17
46
20
46
42
30
25
38
9
67
27
57
16
20
7
8
36
19
54
74
42
77
24
21
20
10
29
42
81
39
42
41
53
70
21
7
30
68
84
44
41
50
29
36
24
80
21
30
17
17
29
79
40
31
45
9
106
12
35
114
43
37
114
32
29
64
38
63
26
75
24
21
49
30
65
43
43
43
52
98
56
16
56
64
54
148
148
100
128
24
57
32
55
23
29
72
38
52
42
54
40
42
39
19
81
43
95
18
43
20
42
27
71
29
103
115
32
77
54
33
34
41
62
75
60
65
71
28
96
42
54
51
20
34
109
42
74
31
73
106
85
21
87
59
45
38
140
34
50
15
20
48
62
37
27
31
13
7
66
21
32
102
75
81
30
28
30
29
41
38
49
43
206
14
57
44
113
15
50
221
10
100
156
31
47
83
95
126
36
62
32
81
114
16
68
21
41
39
74
36
34
131
313
6
79
28
130
23
27
96
66
39
51
33
39
85
112
41
104
70
47
94
62
38
50
52
46
26
83
56
34
63
111
140
17
189
107
57
23
181
68
34
37
67
12
20
46
92
25
93
8
15
32
29
167
34
26
45
35
22
80
63
14
20
27
74
26
30
43
95
43
46
47
71
33
21
29
71
108
11
14
13
38
49
27
22
101
39
23
108
84
52
54
41
40
63
31
96
23
50
53
76
79
10
139
60
41
50
12
65
26
25
34
102
37
78
143
57
61
49
27
46
21
24
34
57
80
17
52
27
95
81
43
50
12
13
13
51
35
178
20
45
35
22
63
42
18
45
29
68
67
107
64
35
60
63
34
77
22
30
23
40
26
34
39
31
110
57
104
44
111
16
27
13
60
41
33
69
59
20
63
111
42
74
233
125
18
53
33
27
34
15
6
45
12
24
9
48
41
30
57
42
121
68
18
15
48
103
109
21
40
38
24
6
31
78
35
36
105
76
61
42
117
22
43
27
28
64
27
68
25
77
19
57
69
19
57
31
73
30
31
46
68
35
22
28
28
17
27
48
117
34
104
29
36
92
73
36
42
80
212
29
23
92
51
10
24
67
23
111
38
45
98
124
78
31
54
38
121
140
17
31
109
23
56
49
23
59
12
44
64
77
31
24
28
63
58
15
12
86
27
59
33
57
162
67
49
25
39
27
46
166
4
3
55
38
74
37
16
93
62
40
90
31
88
27
113
63
38
11
118
15
24
133
7
35
21
40
53
26
56
38
60
24
22
99
16
101
72
61
60
46
73
103
32
107
46
35
113
41
84
49
79
95
20
115
71
59
23
11
35
18
4
25
40
23
44
78
55
5
45
23
66
29
62
31
32
51
50
79
116
24
36
92
18
39
25
57
41
42
10
64
75
30
31
111
45
83
37
69
47
41
57
14
26
47
26
29
71
75
37
60
39
53
23
65
24
78
47
37
19
41
36
50
47
45
72
36
85
21
35
75
91
23
40
61
129
27
33
24
58
30
28
139
114
77
23
83
52
49
53
27
17
47
46
78
96
21
27
51
16
45
38
77
105
30
81
19
138
78
18
59
57
72
63
24
118
54
59
28
52
48
25
42
42
58
111
27
51
135
45
101
22
58
68
99
47
11
70
63
27
50
28
123
32
52
67
52
6
32
92
41
17
82
41
68
73
89
75
28
57
23
21
41
16
52
35
29
21
59
22
22
24
14
18
27
78
88
33
48
61
26
12
24
42
28
20
65
57
35
52
72
32
55
40
143
26
36
35
30
27
26
20
90
45
14
32
127
43
11
44
39
72
28
63
91
41
103
162
23
56
54
27
49
93
11
90
37
13
76
40
20
11
53
60
31
64
219
27
142
48
32
15
15
29
65
20
94
32
22
18
17
22
13
56
131
38
73
183
20
26
49
13
62
75
21
24
78
27
62
46
19
60
65
16
51
34
59
34
94
88
101
101
67
39
13
44
33
18
46
39
34
103
84
38
41
30
47
78
96
27
160
36
80
40
17
66
50
14
30
78
60
96
33
27
86
19
56
110
17
27
38
57
33
48
37
30
45
83
33
27
52
47
67
114
21
21
20
14
182
30
57
54
104
66
35
19
43
25
18
80
57
66
14
33
43
72
126
28
31
54
84
56
44
128
24
41
28
59
37
17
37
54
14
74
17
4
16
24
30
7
54
16
113
37
213
26
41
17
14
99
136
14
25
91
60
24
42
29
44
94
14
73
15
32
52
11
143
124
6
51
119
67
96
15
37
72
34
33
26
41
130
22
38
37
38
130
65
86
38
172
29
53
91
97
39
22
68
38
41
8
26
22
23
24
44
105
38
13
60
26
127
55
7
12
16
34
36
61
212
66
28
97
46
74
19
28
115
9
17
76
27
76
23
142
27
11
15
53
25
93
25
36
39
36
51
117
32
39
12
32
25
40
64
37
129
49
70
55
37
89
25
21
25
13
69
66
25
52
50
88
16
32
23
42
23
36
21
61
89
44
34
28
86
56
71
46
126
47
58
37
23
154
62
43
34
29
24
44
58
17
71
38
33
19
120
34
102
32
13
41
26
204
42
44
47
34
57
41
21
35
35
10
32
9
71
30
94
21
40
59
23
41
25
47
103
52
97
39
24
106
30
59
39
78
119
60
65
4
34
24
56
54
142
59
27
145
16
19
29
22
12
44
19
49
36
29
15
46
41
87
25
63
144
38
50
40
27
15
42
60
22
17
97
34
24
39
9
23
96
20
46
89
30
179
50
44
20
21
37
15
46
56
141
27
14
47
63
36
21
47
86
33
31
43
45
92
62
35
40
91
47
24
61
20
28
40
89
43
34
28
15
31
11
20
59
15
12
24
43
31
104
71
12
46
32
32
35
17
117
14
134
69
56
46
56
35
10
46
27
68
14
44
83
46
50
52
36
93
62
56
57
98
52
19
22
38
59
42
55
31
42
43
38
37
21
102
47
36
32
23
41
55
15
112
89
123
19
25
38
81
44
99
23
28
66
97
63
53
60
24
102
36
41
25
59
34
132
29
61
30
90
135
66
38
100
36
22
93
45
71
44
22
60
46
52
114
56
65
24
60
90
56
34
150
17
18
99
69
20
33
38
72
32
42
19
82
51
41
71
74
93
75
54
46
74
62
42
116
48
51
20
67
54
97
26
32
12
29
35
28
78
36
15
46
12
14
18
72
23
10
28
44
41
161
43
23
42
12
29
39
45
180
120
27
39
93
56
151
67
34
40
54
13
38
167
56
31
78
125
11
27
25
11
92
58
31
93
67
38
37
70
25
40
32
84
64
15
13
13
74
10
23
38
111
86
21
124
111
89
16
44
102
70
91
32
33
109
23
62
29
24
106
60
62
81
97
12
70
31
50
35
35
40
35
35
7
57
65
15
77
54
56
39
29
15
17
32
9
34
45
105
72
77
50
7
55
33
65
47
117
40
17
19
30
18
26
81
116
131
107
42
12
37
15
58
46
19
91
46
53
29
15
31
63
55
39
37
126
21
23
18
51
103
34
43
24
66
17
73
31
44
73
48
75
48
42
32
38
53
29
66
33
28
31
38
21
28
24
32
76
17
31
31
22
41
19
72
22
76
28
42
15
198
82
27
95
22
38
107
90
54
37
65
46
36
45
75
19
25
109
59
36
181
38
37
75
46
37
126
71
19
60
30
37
18
92
15
76
8
66
23
57
20
12
67
25
67
37
53
43
108
50
21
50
29
27
44
64
70
44
34
72
120
22
73
213
42
158
20
67
25
26
85
29
15
60
46
85
54
45
46
19
31
34
49
24
19
21
37
99
77
71
37
31
45
61
29
13
48
41
30
55
57
101
79
90
29
40
69
42
12
20
10
18
26
46
25
18
40
20
79
36
27
53
60
28
26
117
26
48
35
111
31
25
31
37
87
17
40
23
126
95
81
11
25
84
40
40
35
59
96
83
64
49
27
43
34
17
59
59
43
19
64
74
116
41
35
49
63
37
46
12
21
20
9
24
15
38
13
97
66
46
97
125
91
18
105
59
60
17
42
66
16
74
8
26
46
14
124
25
93
91
14
12
58
79
8
24
53
40
61
92
29
63
31
42
43
49
103
12
12
20
24
47
15
68
21
25
75
52
70
30
50
33
38
46
52
25
18
108
8
19
39
34
52
29
37
9
26
109
126
36
60
204
24
62
32
39
18
38
57
147
55
29
22
52
26
61
42
48
88
96
98
27
25
19
54
119
91
39
56
70
32
17
33
43
24
53
31
39
78
29
73
146
27
38
55
33
62
69
72
20
79
13
78
39
25
66
23
56
39
35
23
16
69
76
27
87
55
90
37
60
52
24
66
56
43
41
8
11
68
113
14
84
88
67
29
22
12
55
18
20
43
21
116
41
146
48
71
36
14
39
48
17
21
50
24
52
39
92
141
36
36
7
33
43
30
20
26
77
30
40
84
26
63
11
73
31
59
54
36
243
9
39
38
88
9
88
39
35
48
46
79
16
10
31
144
38
18
51
14
70
45
50
128
69
74
6
17
20
19
44
65
88
54
91
25
148
67
21
35
32
19
118
41
40
36
75
36
12
197
117
64
21
35
80
78
8
46
31
25
68
13
37
8
58
66
54
74
39
20
21
50
35
57
76
25
38
57
21
16
20
46
21
26
30
98
19
24
31
17
44
44
47
24
33
59
19
49
48
44
27
37
26
16
102
86
23
61
20
63
44
22
12
31
53
156
61
25
13
23
30
47
16
43
61
29
53
57
35
44
32
48
126
87
23
84
23
53
35
256
53
32
76
63
34
34
31
58
56
67
67
29
24
62
47
43
62
20
123
42
41
34
43
21
48
26
30
39
30
41
34
20
49
7
43
100
43
22
34
33
54
32
29
48
31
45
34
107
19
54
50
17
51
10
53
53
40
91
52
103
76
53
10
24
14
112
127
51
10
20
50
68
49
48
33
96
93
25
76
63
77
17
65
19
68
144
70
18
48
78
28
59
78
35
30
67
33
58
215
17
106
85
78
68
44
84
40
35
45
29
81
18
27
46
37
33
23
83
65
37
43
82
66
20
59
29
23
23
67
42
34
17
24
37
64
32
47
58
84
52
67
45
14
23
93
33
47
49
54
27
45
27
21
55
48
8
56
41
55
36
27
47
59
38
60
21
95
34
45
58
47
28
54
26
24
22
37
36
54
21
35
31
81
30
59
9
8
167
53
27
16
15
67
65
57
24
12
47
48
70
55
69
27
34
21
15
26
67
24
36
17
11
16
21
9
54
55
102
35
55
70
70
79
98
78
15
12
58
22
38
21
11
34
29
38
71
35
108
28
17
5
97
6
16
12
40
82
64
74
78
15
30
6
19
49
57
37
58
6
93
86
4
67
27
28
35
7
24
34
38
93
40
89
20
61
21
39
32
265
10
11
24
23
21
97
28
26
49
19
15
50
19
28
47
10
172
84
43
59
35
24
25
28
27
60
160
41
43
17
17
37
29
52
15
8
45
43
140
87
40
24
14
32
125
128
70
14
46
27
32
41
74
33
16
8
22
41
29
83
19
28
8
56
21
74
76
21
76
46
19
31
28
48
37
65
27
79
70
35
20
14
18
140
81
58
88
50
47
23
12
71
38
38
47
137
24
31
13
42
37
53
38
72
70
30
25
106
100
20
19
59
69
16
11
55
32
12
24
39
37
70
7
40
40
45
48
20
20
18
51
76
23
17
31
37
39
41
55
42
50
26
65
44
67
14
71
77
80
115
30
91
27
6
50
35
69
43
85
63
113
13
22
26
22
8
7
42
211
137
54
23
57
38
110
28
31
73
56
53
132
18
26
59
55
35
22
33
12
90
18
25
54
47
29
30
60
7
31
111
10
25
8
70
41
29
24
41
103
39
101
43
15
36
28
59
37
56
22
88
28
32
17
51
28
32
66
44
66
61
57
59
68
92
8
92
14
17
93
15
33
20
37
32
52
1
48
96
17
143
14
80
82
18
31
82
76
62
92
36
30
25
55
136
26
75
24
26
32
12
74
21
54
63
33
29
20
34
25
47
29
71
18
78
39
20
7
24
23
26
54
15
72
45
48
32
41
80
62
67
55
76
29
80
63
68
89
8
27
35
67
66
35
11
15
114
16
87
55
32
18
37
26
27
60
19
33
35
68
32
25
69
41
46
11
29
46
63
16
57
51
49
61
75
39
226
19
21
52
10
49
56
52
27
41
34
45
46
22
11
38
15
35
17
34
17
47
20
10
49
24
35
171
73
18
43
34
37
46
91
53
32
41
70
29
39
68
16
87
18
46
93
29
16
18
118
25
72
25
32
33
68
30
29
48
50
20
29
69
30
27
28
61
24
8
60
76
27
30
19
57
25
29
25
53
25
47
53
20
97
18
74
8
52
20
63
59
37
108
129
43
81
9
70
26
90
32
53
43
68
120
21
31
182
18
63
59
31
76
38
21
23
66
71
56
10
46
80
75
94
59
51
124
74
35
76
48
8
32
14
53
39
38
47
29
15
62
34
99
79
64
41
26
30
9
88
28
50
73
38
97
45
41
32
44
55
58
13
72
72
31
43
34
63
23
28
30
41
50
8
72
22
29
40
19
5
66
24
56
34
42
48
101
15
62
38
32
35
108
50
54
28
40
208
58
106
11
67
132
116
9
19
18
31
49
20
70
39
38
48
33
35
47
45
15
11
48
96
30
27
54
21
89
78
21
37
129
17
105
30
57
46
20
50
60
58
20
24
10
87
18
82
40
91
46
68
23
52
56
174
39
111
8
24
39
38
25
38
9
16
43
52
24
120
13
53
31
61
29
51
86
41
15
46
94
65
31
26
12
29
14
146
61
40
45
43
64
43
41
30
103
50
52
89
7
50
14
22
12
37
15
57
33
32
24
55
63
57
49
12
25
31
70
16
31
36
52
53
92
90
42
52
42
119
80
37
38
24
38
34
127
25
30
37
110
40
59
98
77
58
42
32
96
116
19
41
50
74
18
40
103
20
16
38
41
80
9
8
9
54
59
43
76
65
63
38
26
95
45
30
30
44
31
35
25
48
34
39
21
93
69
42
22
22
18
39
10
78
12
59
30
45
20
31
20
48
55
70
48
17
10
12
51
77
8
17
73
27
56
23
59
31
17
74
37
89
21
20
43
25
23
10
49
42
12
52
8
33
23
30
36
25
30
63
23
24
31
17
22
33
100
52
37
51
75
29
17
33
20
22
20
19
51
42
44
83
26
28
49
70
83
32
23
47
65
14
26
19
22
35
74
32
6
7
11
7
42
56
22
22
16
19
54
11
59
49
35
68
28
4
21
53
75
89
63
85
71
44
58
11
46
53
32
51
85
22
15
34
84
40
25
81
31
49
24
17
56
57
59
26
71
22
78
26
18
28
43
127
21
19
71
42
46
51
39
23
22
32
125
36
53
98
39
13
23
28
38
61
87
42
82
27
51
20
78
22
31
21
31
31
21
49
64
116
41
28
262
6
49
112
78
30
70
35
28
81
33
6
27
34
19
58
70
74
30
47
21
40
74
39
71
15
32
84
10
62
9
56
71
67
56
74
45
12
50
31
29
113
34
25
39
18
119
112
35
51
17
42
46
60
29
103
29
37
34
22
29
56
13
43
20
111
39
61
35
51
59
63
57
63
70
101
27
72
34
62
35
62
54
48
50
34
60
37
22
60
84
33
32
30
17
27
46
48
63
13
9
70
64
32
14
68
19
70
25
13
32
66
14
44
41
98
109
39
25
22
48
26
27
30
17
60
35
167
44
94
42
34
31
69
32
27
58
79
48
41
22
71
36
42
16
21
29
46
55
14
77
167
25
75
23
69
57
28
27
104
63
33
26
58
111
47
26
19
32
31
28
39
76
259
27
45
80
34
48
39
22
61
56
103
85
49
120
89
84
32
74
54
25
44
102
145
42
37
23
24
79
17
87
80
20
29
49
56
55
51
19
13
16
30
48
14
14
33
58
21
82
47
63
108
42
46
23
49
17
45
46
30
70
47
16
40
60
40
26
67
31
50
34
54
17
43
48
16
21
44
37
40
32
19
39
34
18
28
11
25
53
20
10
57
37
86
149
25
47
24
23
52
69
55
37
34
28
22
13
7
25
37
49
69
41
82
29
36
19
34
65
31
31
89
16
66
62
37
55
40
39
31
22
67
134
52
38
26
41
21
47
36
38
19
32
79
36
14
21
32
30
69
17
30
44
42
58
33
44
23
21
31
60
81
61
24
14
48
42
26
32
57
29
52
103
33
82
59
28
6
43
33
78
56
70
15
88
10
26
42
45
25
45
44
51
50
77
41
51
20
26
25
40
90
38
153
96
42
22
42
62
56
28
46
26
20
9
46
57
38
22
38
29
44
67
14
18
47
23
77
73
35
12
80
19
87
51
41
30
56
16
48
11
34
26
44
34
86
19
15
66
24
59
39
21
63
95
20
40
56
10
63
55
27
39
224
34
25
18
31
14
63
12
47
43
44
46
45
61
30
35
44
51
56
63
19
7
1
31
19
66
45
10
40
31
42
52
30
5
33
21
24
52
98
49
19
24
150
41
60
27
70
37
30
45
77
184
54
34
123
33
54
70
28
38
21
21
54
4
74
57
49
57
60
42
39
29
67
17
8
21
23
36
28
31
23
55
93
53
48
49
8
68
56
134
38
22
88
42
13
51
15
21
99
19
50
45
38
39
15
12
35
47
39
15
87
32
32
60
60
63
19
83
76
21
17
8
13
9
30
70
56
52
23
64
23
25
65
22
41
64
75
31
59
99
31
23
15
10
37
24
17
63
30
31
27
85
81
55
24
22
56
36
21
22
74
59
77
68
21
33
19
20
31
31
80
43
32
111
32
20
42
38
11
17
124
31
64
43
35
151
30
16
16
21
15
55
13
34
12
33
41
37
18
29
5
34
66
32
59
36
23
47
29
36
57
15
8
18
22
17
36
20
22
11
8
148
56
38
27
28
43
87
37
35
38
86
29
50
42
21
94
79
41
34
18
61
14
59
39
42
56
20
21
39
74
34
43
20
38
42
52
27
22
99
114
48
140
151
46
162
16
32
18
63
24
65
48
38
32
21
23
29
25
62
34
10
50
49
27
56
102
38
129
96
56
43
45
16
52
33
79
92
19
29
36
70
26
9
81
47
55
55
7
19
23
36
23
19
14
21
40
35
41
37
36
118
12
24
62
47
44
36
59
58
38
27
77
24
31
44
16
80
80
22
20
49
36
25
21
13
56
82
20
142
22
78
40
10
74
15
55
32
63
69
36
45
28
21
33
106
19
11
45
3
61
33
35
16
91
55
22
104
46
36
46
25
15
25
38
64
39
21
16
40
42
27
22
63
50
29
40
7
18
20
15
22
28
74
64
24
20
44
43
13
31
21
81
20
15
44
34
36
36
26
16
25
12
59
35
45
50
29
18
31
27
47
46
27
40
8
28
26
73
59
73
34
81
91
98
42
34
44
70
27
45
29
73
33
28
39
19
92
33
17
20
10
83
33
18
112
24
65
28
39
24
38
66
58
21
21
16
140
133
44
7
32
9
69
82
48
152
46
36
57
52
66
35
65
46
23
48
25
43
39
91
7
44
71
110
22
37
30
38
15
82
38
19
26
75
22
37
25
67
27
15
57
44
22
49
23
10
17
53
6
43
14
66
15
21
23
18
39
49
29
31
72
52
11
36
52
49
111
21
55
14
14
115
37
43
36
34
64
31
31
28
37
32
31
20
70
24
13
32
65
12
18
63
14
39
46
73
121
36
24
16
34
13
62
49
48
20
16
26
44
16
9
45
23
83
58
32
36
40
31
52
26
5
46
41
15
24
29
65
179
22
33
48
10
103
61
25
34
61
86
10
60
32
12
18
27
88
44
42
35
61
14
23
25
28
38
43
70
11
19
54
75
57
162
72
48
30
35
61
31
23
111
58
39
53
55
81
47
54
22
42
10
22
75
22
32
45
70
66
25
57
7
23
70
51
7
38
37
31
35
124
38
47
40
41
33
17
18
58
52
29
67
58
34
16
14
49
116
24
26
48
16
40
11
119
5
76
10
27
44
33
26
51
46
164
20
38
73
25
45
61
30
79
55
12
31
29
41
12
43
53
30
26
24
45
30
33
23
36
52
20
62
30
40
15
80
77
39
26
19
48
42
53
29
24
28
9
23
60
26
55
29
62
55
21
17
51
14
50
22
10
10
19
51
43
25
57
10
60
43
38
72
55
19
16
33
50
14
27
44
11
7
17
18
78
80
37
30
50
132
62
17
83
45
15
59
37
11
61
28
43
13
44
88
12
55
22
28
7
28
60
60
24
75
11
63
127
68
59
57
82
67
37
14
96
58
46
28
32
26
26
25
44
44
54
11
38
12
54
46
41
38
31
39
64
10
24
32
32
24
25
83
45
22
44
11
48
41
36
44
12
71
77
75
42
13
63
98
43
26
13
25
47
18
51
11
51
75
30
18
7
53
16
43
30
29
28
54
33
18
29
37
47
16
16
35
91
62
15
25
75
31
10
23
23
23
38
38
28
35
39
40
43
44
38
24
50
35
39
20
22
35
51
32
51
64
26
30
18
32
27
86
33
29
37
101
92
25
98
50
21
28
49
50
50
45
28
8
18
42
3
17
48
7
11
21
22
29
21
25
12
16
11
43
48
12
34
97
99
135
37
37
71
39
11
24
42
64
17
13
54
19
27
9
52
45
78
19
69
88
26
20
12
32
37
25
114
20
73
62
40
45
44
40
34
43
31
22
29
81
82
31
118
28
11
39
28
82
72
7
56
69
67
27
42
39
26
26
46
46
44
52
43
34
42
57
38
49
9
21
42
78
24
50
28
23
24
34
37
68
34
84
43
21
95
18
28
30
53
41
42
73
22
67
16
7
64
48
86
16
39
28
34
65
38
16
26
18
80
10
81
60
65
64
32
61
18
67
27
61
36
74
10
22
53
26
54
34
35
16
89
63
76
20
88
51
69
6
14
12
40
49
21
7
43
41
107
78
4
21
66
38
23
20
42
32
40
12
29
48
26
22
27
31
19
16
54
105
17
13
63
59
82
44
26
33
62
27
41
32
35
22
21
28
84
98
22
44
36
16
34
76
15
20
13
18
29
52
106
16
20
33
125
41
52
14
12
23
69
56
23
26
47
39
66
9
66
112
42
12
70
50
29
47
90
16
46
11
53
82
29
37
85
87
19
61
26
43
7
21
29
30
5
53
23
127
41
58
33
40
60
48
31
87
12
42
37
41
40
49
33
93
34
10
7
69
14
40
20
30
32
26
25
15
46
37
76
24
20
21
31
55
31
64
120
21
39
27
50
57
62
15
32
20
37
73
24
19
49
28
74
70
55
41
157
26
23
21
55
13
38
15
41
55
75
21
15
35
42
45
38
154
36
36
11
12
78
44
54
48
68
28
63
35
65
18
25
35
90
69
65
110
9
26
28
11
36
55
16
15
9
59
49
8
22
31
22
27
35
29
10
78
9
12
26
37
13
54
44
25
16
18
30
12
20
31
76
8
12
53
57
66
33
80
43
21
33
14
34
13
13
85
19
36
26
34
16
51
24
25
33
25
25
60
17
36
29
21
11
31
39
86
28
8
117
161
41
16
30
43
27
33
62
23
62
113
25
65
47
8
54
46
93
7
34
22
38
37
39
21
34
55
41
47
20
31
64
32
37
23
18
58
43
19
42
127
21
30
54
75
55
26
11
35
38
45
8
29
38
22
24
35
16
33
93
59
88
16
12
28
24
62
14
5
55
55
25
12
90
16
131
14
17
25
36
61
35
22
36
110
69
6
88
20
38
18
202
27
34
17
19
29
66
41
45
55
43
38
37
89
20
34
26
16
8
35
72
10
31
19
20
35
22
61
32
53
42
8
13
10
15
25
86
37
24
28
95
79
58
24
57
38
21
19
26
33
18
16
34
13
52
28
55
29
46
17
40
52
39
38
52
13
16
65
20
56
34
29
18
49
34
25
86
14
56
60
47
31
17
29
43
54
30
14
13
31
17
25
23
20
23
95
21
11
36
25
10
39
16
16
46
63
21
46
16
28
124
24
72
53
31
27
21
28
105
16
20
27
57
65
65
16
19
35
15
26
20
55
23
53
24
16
26
7
45
37
26
60
33
9
28
31
66
39
13
30
116
74
26
129
19
22
44
46
8
24
59
54
68
25
61
49
49
50
68
43
18
24
21
24
74
29
18
69
110
87
32
30
31
48
25
36
21
12
43
19
34
137
28
43
26
17
15
49
115
15
56
38
27
19
31
40
42
115
14
13
43
29
20
9
102
23
23
57
60
72
7
20
43
32
34
17
11
24
51
29
33
8
19
44
8
22
9
24
34
97
53
41
10
11
71
35
34
17
137
17
46
19
10
86
18
11
103
17
89
25
52
17
68
45
37
23
4
70
44
94
29
65
54
21
12
24
50
41
27
32
76
61
29
7
27
8
23
16
24
44
6
53
25
37
45
64
50
16
29
34
97
53
26
67
58
43
36
38
23
61
12
20
33
21
75
57
18
42
17
28
10
12
36
23
32
39
48
20
82
78
63
36
34
19
55
20
94
8
44
23
69
21
95
22
21
42
65
9
86
30
26
27
72
24
48
168
51
23
41
45
26
11
31
34
86
31
16
34
32
38
55
70
43
26
18
36
12
52
100
32
30
28
38
20
52
15
7
34
32
71
18
62
24
14
8
89
44
39
45
17
23
17
84
14
48
54
19
9
15
41
24
43
38
38
83
41
39
37
21
30
53
127
34
21
41
45
72
32
83
60
56
18
20
74
40
51
51
24
56
23
33
22
36
15
33
26
12
45
50
51
24
60
26
44
57
86
7
52
50
62
6
16
55
91
43
27
60
25
75
15
59
44
15
44
53
32
32
66
48
22
23
21
17
20
38
42
13
17
17
20
60
7
55
20
34
31
11
37
39
65
56
47
17
51
40
17
27
48
49
10
15
64
16
36
33
16
63
40
26
11
26
21
31
5
36
53
20
79
41
27
26
45
27
28
12
57
35
24
22
14
29
24
47
35
54
39
21
5
66
52
42
38
125
33
12
42
25
23
48
67
49
10
53
51
30
22
33
48
9
120
15
8
19
32
24
74
47
30
30
40
12
43
71
11
33
45
46
154
47
14
63
59
106
24
26
38
30
20
67
29
62
16
31
42
33
29
19
28
69
34
66
56
95
31
133
34
24
21
20
29
28
24
44
54
43
31
9
9
14
90
26
86
61
61
12
30
20
19
28
9
32
16
34
20
39
46
41
35
22
120
56
132
66
26
11
26
65
11
39
69
48
30
13
20
20
22
17
9
89
15
68
66
29
37
12
30
13
52
7
57
7
46
26
53
30
63
39
25
81
36
27
54
18
27
30
31
15
13
23
60
67
87
37
26
46
35
7
3
37
37
40
65
32
64
31
86
65
19
27
38
15
43
44
87
41
79
11
41
16
44
49
41
69
62
14
40
60
54
11
13
119
40
26
27
47
64
26
27
29
97
28
26
44
28
54
18
72
47
9
62
21
65
8
51
86
38
99
66
26
32
31
14
36
12
72
41
15
7
59
81
11
31
31
17
18
39
56
61
61
23
68
26
46
29
25
28
9
35
17
24
18
64
43
38
39
62
22
32
33
6
28
27
23
4
47
13
8
25
25
118
18
5
35
12
20
69
50
69
32
16
14
41
37
38
58
14
84
62
32
25
19
30
21
44
36
21
21
35
31
50
21
35
20
28
35
16
20
58
39
33
71
38
26
41
34
56
75
12
17
14
28
32
35
36
69
54
11
79
23
23
11
44
38
29
41
7
29
11
36
23
85
13
64
12
18
30
39
11
41
44
25
27
10
33
17
65
44
38
31
34
45
22
9
49
35
46
35
29
59
32
20
51
23
69
23
13
29
50
35
25
23
21
28
18
45
33
35
46
113
39
51
30
72
11
17
19
26
35
29
6
24
44
46
13
28
14
51
35
12
174
33
19
36
50
71
60
25
60
26
51
9
10
21
16
25
31
17
46
48
31
13
43
30
31
8
40
48
15
71
20
71
33
31
54
16
22
21
32
27
27
36
29
20
56
19
44
76
42
21
19
26
30
14
48
69
57
10
9
5
108
39
45
58
25
15
9
27
25
12
30
22
20
14
5
26
29
76
9
46
31
20
33
39
24
41
67
46
17
10
23
22
52
13
25
34
19
41
20
22
20
43
62
57
60
26
77
64
55
42
10
16
36
73
22
47
45
64
33
14
29
19
28
13
11
21
8
39
14
20
38
29
17
30
60
23
47
61
57
49
21
69
14
54
40
44
78
39
10
34
26
30
20
80
19
8
9
31
12
23
21
44
56
40
32
15
29
78
20
40
20
13
20
23
32
29
37
27
54
22
25
11
20
21
21
14
16
32
26
29
33
41
68
117
29
44
72
26
89
23
20
21
90
71
28
122
39
21
161
33
24
17
18
84
45
35
43
17
39
101
19
35
12
10
21
24
29
46
42
9
35
26
34
45
8
36
14
11
19
37
31
63
30
41
38
15
90
48
36
19
27
67
29
25
18
12
49
30
13
25
44
22
12
67
25
32
23
30
36
43
20
19
64
150
30
40
32
70
31
32
12
32
27
42
35
25
42
13
127
23
68
20
56
11
63
5
38
41
52
22
32
81
22
29
77
71
12
12
40
48
18
48
59
31
35
36
59
38
27
22
12
22
15
42
41
23
52
27
20
10
17
31
38
14
43
37
20
31
27
16
44
15
49
18
19
59
38
4
82
47
39
16
75
20
63
45
50
37
11
67
12
62
51
17
28
12
44
62
75
46
2
34
87
4
45
20
29
29
49
21
34
20
25
14
31
32
61
23
80
28
15
20
25
15
18
22
17
84
37
21
18
54
20
32
21
15
77
20
23
53
30
11
37
16
28
11
13
29
16
25
35
55
37
29
8
28
39
11
30
16
46
37
38
32
40
34
19
42
36
25
17
36
10
38
13
55
31
34
34
37
12
5
50
29
41
17
36
35
82
27
13
62
38
31
29
20
17
65
85
28
55
66
3
31
52
93
24
59
61
14
18
42
106
37
17
55
18
19
67
90
38
29
16
29
43
27
31
31
19
32
59
50
58
16
13
8
90
38
31
16
35
98
12
30
40
25
35
71
60
13
12
121
36
23
26
27
22
17
30
87
60
30
27
21
33
65
27
27
26
21
77
17
34
34
86
58
34
15
23
44
23
32
36
28
12
43
34
15
45
60
64
82
35
23
51
32
17
59
30
12
22
36
82
34
21
43
8
8
31
41
21
37
21
27
11
38
21
52
19
47
9
40
41
30
58
77
36
65
28
20
27
14
16
87
33
23
6
47
47
60
25
30
21
21
85
31
49
30
14
20
26
31
71
27
31
15
7
21
55
20
54
30
18
22
22
28
29
17
44
16
7
44
10
32
17
46
11
34
31
30
20
6
28
36
20
20
34
22
89
93
24
67
34
14
7
12
13
43
29
73
26
34
59
18
45
40
44
23
13
28
37
13
33
85
26
17
38
23
37
43
27
31
80
25
41
33
22
35
56
28
21
27
24
102
106
33
61
17
34
86
8
11
37
28
24
30
95
22
18
24
21
17
13
40
24
23
24
44
26
37
35
67
16
22
32
28
35
21
10
17
15
6
50
63
62
30
42
108
30
69
17
17
38
75
15
68
30
20
68
35
40
18
14
34
42
21
37
9
39
27
30
75
43
26
15
27
49
52
29
8
47
13
35
55
17
12
35
50
31
20
32
39
31
33
13
18
45
25
42
23
11
96
60
117
43
30
43
55
40
24
24
20
29
16
41
91
52
17
48
51
51
66
32
32
33
14
15
39
14
41
33
13
31
22
26
49
29
28
36
24
13
24
15
27
21
7
29
34
37
62
34
38
38
34
27
45
15
22
52
43
13
38
80
32
33
6
65
16
40
13
53
21
28
43
46
72
20
26
6
18
42
28
30
42
12
32
23
28
71
79
34
23
74
64
75
39
38
21
47
49
37
24
11
34
23
25
34
18
11
49
30
27
50
14
19
22
36
19
18
27
47
18
97
7
24
15
22
23
31
18
64
45
9
19
19
28
22
35
34
17
67
34
20
50
25
18
33
36
11
42
37
42
35
8
52
31
30
19
38
14
44
50
23
18
25
16
25
23
31
57
19
17
39
35
34
36
26
18
40
14
56
12
39
30
35
18
35
26
124
14
26
32
41
45
52
26
10
16
52
41
20
34
21
37
46
8
5
22
19
63
18
86
3
12
13
24
29
27
22
12
18
46
50
28
9
68
29
70
18
53
38
33
26
32
30
13
13
20
8
14
25
12
20
19
41
56
10
35
30
51
23
9
29
45
18
18
12
100
14
27
22
22
30
24
10
9
20
65
38
37
27
70
27
9
20
6
85
40
15
35
15
23
20
21
65
47
21
46
24
41
42
28
30
3
56
43
12
9
56
26
40
22
51
65
29
28
16
15
11
50
43
28
16
25
14
23
30
29
26
40
82
6
28
17
18
20
9
23
50
15
23
11
10
24
54
32
21
50
10
31
18
25
49
43
54
19
21
40
53
20
33
32
28
66
14
26
72
20
79
28
56
71
23
51
48
13
51
20
31
39
9
26
25
20
12
21
25
28
14
18
7
53
49
19
11
5
31
39
17
29
35
51
36
17
27
13
48
25
54
83
22
25
35
8
31
18
28
17
42
30
31
26
25
58
56
42
41
29
47
15
21
19
35
29
35
47
34
18
61
21
27
119
62
7
36
7
34
14
24
12
17
23
53
33
74
14
62
25
31
68
13
20
11
89
38
24
30
9
16
43
22
43
25
9
11
47
27
5
48
43
24
12
15
24
42
22
45
8
84
34
19
14
27
6
7
33
22
17
28
43
17
29
35
25
17
32
28
24
40
37
20
54
12
26
25
39
17
14
53
47
26
61
49
48
22
41
10
20
41
17
19
20
34
62
53
16
31
37
38
27
39
91
44
69
20
27
92
49
53
9
38
30
81
46
50
79
8
47
59
28
38
45
13
36
18
38
16
11
18
68
56
48
36
69
66
26
31
12
19
45
21
22
28
47
50
26
27
32
31
40
37
21
28
50
43
65
52
23
26
15
42
34
15
61
37
40
52
25
14
27
10
28
12
52
59
22
57
35
6
13
23
48
68
15
28
15
29
48
30
22
20
45
22
44
22
41
20
22
28
23
25
26
17
34
74
36
48
21
90
39
26
47
48
14
21
53
25
26
62
42
34
21
38
19
39
39
5
20
57
22
53
26
42
19
26
49
31
17
30
18
13
11
41
12
20
47
14
39
34
31
23
29
11
13
27
25
61
13
13
31
12
44
23
12
46
22
11
25
15
26
9
31
30
27
10
17
24
70
29
47
62
20
60
27
57
43
51
47
32
22
56
78
11
25
19
42
20
34
60
27
21
34
47
63
63
9
63
24
16
13
45
33
7
19
14
27
30
30
34
8
48
15
18
37
55
42
23
37
91
25
18
61
37
16
51
36
37
36
28
24
43
38
35
22
37
51
41
74
11
27
38
40
10
59
59
35
49
47
33
23
22
40
48
68
9
31
30
15
38
39
14
21
43
48
5
21
8
21
33
26
48
20
18
15
27
60
23
2
19
30
7
25
35
42
58
14
14
43
32
16
43
11
39
27
10
80
85
23
31
32
21
37
54
23
29
27
39
13
33
26
117
26
21
57
18
29
23
11
22
46
39
33
117
26
24
17
11
41
40
37
28
67
60
83
48
36
45
24
45
39
29
12
29
28
37
60
45
41
25
40
13
21
46
31
23
22
35
26
31
36
56
39
44
18
26
43
17
12
9
26
3
55
34
10
23
23
21
30
32
32
25
45
48
32
49
33
32
12
24
66
93
42
62
86
34
17
29
44
68
23
29
31
32
28
24
31
33
18
9
51
30
40
32
61
31
36
38
55
12
15
67
21
31
21
69
58
15
36
30
45
31
19
10
23
31
35
27
22
66
67
37
42
16
23
66
58
54
9
29
22
26
37
20
37
20
19
42
14
28
26
19
19
36
32
26
27
63
29
19
10
11
45
42
47
36
32
8
23
49
25
15
25
44
41
23
50
11
11
24
20
23
24
13
6
17
6
20
19
38
12
35
52
35
19
10
27
39
35
14
18
29
13
