202
124
244
2259
464
937
343
181
94
456
538
347
574
187
297
1348
192
186
157
389
172
496
219
177
395
103
839
118
208
445
1326
323
825
970
355
993
467
359
789
476
424
571
190
171
588
1178
213
411
2007
264
585
345
409
234
818
328
145
140
351
316
180
194
182
536
373
663
391
285
323
340
431
770
123
162
1455
718
510
271
598
319
154
185
1258
203
392
714
377
350
432
161
757
285
510
217
171
486
305
492
278
542
232
578
458
115
343
148
319
191
178
247
626
329
733
287
919
454
211
582
401
195
238
433
144
679
1325
331
655
444
328
1337
372
553
405
189
271
617
228
418
1097
773
813
1290
369
464
159
293
485
209
209
1117
149
480
509
319
484
699
742
673
278
191
179
225
168
983
360
390
355
200
439
177
257
247
1037
148
347
273
374
601
176
751
270
698
235
415
217
223
411
191
344
307
161
710
239
153
442
275
287
965
288
522
317
489
1506
162
1124
649
276
685
143
578
175
125
133
154
380
116
955
505
117
520
155
302
921
644
188
230
245
536
138
1051
860
146
119
135
258
466
249
411
306
151
301
85
431
660
157
263
294
563
311
873
188
576
293
103
338
740
741
839
172
406
127
379
912
643
517
395
249
1455
106
301
244
332
481
709
253
539
144
270
337
200
307
909
309
386
155
486
293
366
1123
556
446
87
212
280
637
398
147
310
1630
110
259
557
333
226
210
267
311
761
141
238
459
174
156
503
343
647
301
125
506
185
832
268
253
111
131
279
247
469
921
457
633
256
1422
423
202
544
457
611
285
724
268
98
159
205
254
150
131
562
217
369
400
102
116
228
222
826
376
901
1347
884
479
1154
346
183
613
347
254
167
1301
188
178
471
151
400
286
476
167
176
151
149
556
518
423
484
248
251
949
457
263
731
138
239
291
398
209
166
327
269
443
114
522
445
262
147
857
678
511
243
309
735
114
202
533
235
186
224
285
225
232
132
250
159
392
331
633
554
349
280
539
334
132
329
858
248
425
305
484
558
323
206
328
142
215
495
252
215
133
99
367
494
739
657
189
508
998
590
535
228
839
277
880
919
346
247
329
466
363
154
255
321
287
186
505
340
726
221
180
190
452
302
526
280
331
614
313
140
804
366
283
239
534
993
718
206
638
633
434
926
147
187
350
237
241
161
164
192
108
775
469
409
698
1274
522
327
189
219
824
401
200
416
832
656
437
1068
1041
473
146
332
419
278
177
211
311
1232
411
167
460
167
426
319
627
251
153
182
142
127
840
446
954
262
361
163
547
406
310
865
508
639
879
260
702
159
461
365
558
413
1308
342
1090
225
217
598
303
743
310
396
212
452
1008
191
287
427
246
228
1316
692
210
523
185
257
609
544
659
325
347
290
618
286
135
186
277
225
665
336
1641
632
298
482
128
158
362
144
502
206
151
92
191
306
177
414
494
207
119
859
313
768
409
743
203
778
226
825
180
620
702
206
288
1282
157
509
813
443
454
1188
428
307
182
1147
284
432
339
284
300
495
243
405
394
254
199
432
494
1131
186
228
355
616
579
87
373
541
540
403
120
141
349
173
453
164
408
380
915
264
567
463
213
346
404
291
547
314
448
219
474
883
495
246
161
439
472
2262
157
324
817
92
214
154
337
1097
247
186
223
259
182
484
309
183
655
534
96
623
228
355
601
291
671
312
587
263
223
236
360
174
457
282
249
809
862
2281
394
219
178
139
2172
283
102
445
495
927
760
310
866
604
159
162
287
1035
456
115
200
123
318
407
222
859
256
686
1188
1003
118
569
115
394
1090
350
354
191
228
582
710
458
297
147
254
797
304
332
648
133
400
1282
421
238
577
223
544
292
1017
556
455
442
250
156
385
373
348
924
323
349
224
439
377
343
240
343
333
126
436
521
294
148
228
416
235
476
441
163
815
173
153
240
104
408
292
162
427
423
150
238
425
508
496
254
1007
388
611
388
260
376
156
319
469
308
109
131
230
193
549
186
729
772
759
292
550
95
470
440
188
250
198
278
342
243
375
114
510
126
416
178
336
247
149
175
383
116
127
689
385
375
399
141
553
231
198
308
635
185
1026
362
221
131
310
104
338
266
225
340
139
489
408
389
535
428
141
199
265
166
165
121
185
255
176
225
570
337
489
90
217
347
168
353
377
297
1254
492
271
269
187
210
137
690
583
384
403
563
740
1717
145
396
831
381
375
304
586
178
904
291
466
380
842
622
365
447
921
234
539
390
761
395
284
199
199
125
189
1310
560
498
587
584
245
668
191
188
596
127
125
200
186
234
142
174
337
316
350
396
258
1055
667
202
424
357
559
297
875
1127
240
402
332
973
712
486
194
310
136
729
348
409
144
169
172
186
264
258
414
828
87
170
475
241
313
391
569
397
673
576
602
736
190
517
341
287
105
249
1186
173
151
250
324
735
348
234
791
282
612
313
275
299
186
964
340
640
141
1971
263
901
361
212
145
387
160
391
103
396
356
576
104
284
763
216
283
338
620
227
156
88
312
628
145
425
268
351
236
144
403
2146
186
103
133
234
199
617
568
900
251
269
1716
242
201
262
568
356
338
323
161
161
746
301
410
186
124
200
167
199
1398
346
383
275
808
806
163
426
309
131
203
217
214
322
693
549
246
296
299
231
460
161
148
321
147
348
255
843
538
759
991
197
133
373
484
712
506
147
281
145
335
231
795
448
678
291
535
301
569
247
232
965
270
162
937
703
339
435
190
114
475
551
346
279
271
133
175
248
118
304
215
1160
363
94
1759
179
177
529
135
146
503
137
223
387
146
150
218
145
496
284
436
162
414
161
159
241
1506
437
161
458
197
158
361
227
691
563
180
511
325
1029
793
251
538
258
395
142
549
1038
473
297
238
197
134
325
228
221
457
1019
393
295
142
168
310
594
267
176
700
158
454
1057
1042
510
793
609
515
1039
746
1033
715
132
539
926
280
153
216
280
367
448
546
447
292
267
439
286
108
765
211
131
977
156
366
363
610
425
113
778
207
633
179
798
289
993
200
346
294
301
681
291
765
226
428
1070
503
445
704
95
806
383
716
781
288
401
466
274
406
289
645
182
358
457
607
760
415
322
406
322
313
521
160
515
609
597
350
353
401
156
145
388
264
430
968
104
608
834
247
224
511
154
153
192
790
752
289
866
288
176
379
338
785
265
201
122
328
554
219
130
296
1326
176
1724
482
128
235
375
97
1122
305
354
405
98
195
396
760
279
585
739
771
379
335
244
724
215
870
178
302
127
268
235
115
575
709
177
150
184
552
1422
251
395
482
676
247
272
622
167
409
284
176
667
626
170
547
269
144
116
851
155
181
478
643
399
164
390
434
241
816
437
379
366
360
411
606
702
690
191
120
117
225
237
91
145
342
489
222
1035
530
275
453
462
287
246
116
196
223
313
342
254
635
453
174
151
478
845
534
279
101
269
462
586
236
433
587
201
336
455
86
1087
798
130
299
116
341
557
445
573
557
301
372
220
569
224
285
144
335
1134
301
365
481
734
341
644
419
212
287
173
377
348
361
304
159
356
366
243
809
349
126
565
480
173
350
610
186
659
391
361
182
367
177
422
215
691
203
137
470
603
314
405
471
411
456
179
561
142
960
618
392
240
419
522
216
199
105
516
235
640
288
324
218
382
170
349
476
683
126
249
288
450
330
181
2266
478
222
386
661
644
160
266
242
355
743
272
299
670
291
537
170
172
336
214
221
560
549
286
728
108
151
251
441
1767
217
196
306
451
408
118
255
493
147
425
258
250
233
390
167
140
170
217
302
890
234
630
133
506
400
442
476
583
262
421
591
514
302
139
408
466
473
249
147
857
723
264
194
304
243
494
186
354
156
777
316
396
494
893
269
339
161
282
417
1935
250
457
563
504
548
171
423
621
505
370
231
228
124
268
610
306
826
278
218
143
159
394
320
234
84
599
127
205
306
449
305
135
168
583
419
547
497
240
287
974
419
155
256
501
391
504
149
605
1598
263
516
246
733
310
360
343
563
230
233
610
264
424
263
261
744
700
262
811
568
393
349
504
738
506
1142
202
358
412
178
303
277
1028
651
206
362
1136
337
334
179
309
140
353
243
526
380
213
307
884
242
210
240
291
626
835
180
255
290
657
439
185
198
193
239
680
415
193
255
300
1108
575
481
186
195
217
147
313
1318
376
154
358
157
446
144
121
613
685
1235
1584
109
910
534
174
852
753
311
538
349
412
161
589
506
161
418
191
706
281
362
310
281
430
140
632
404
450
190
152
448
404
169
300
372
216
459
351
156
720
194
152
135
194
374
314
1452
518
604
1017
405
170
300
475
467
153
151
151
144
244
227
509
397
508
191
235
149
719
184
198
562
217
545
118
146
144
369
314
508
229
366
330
288
422
250
187
149
104
798
417
382
674
330
245
748
694
175
283
279
1127
395
431
233
141
136
521
420
172
405
214
248
386
214
330
415
1896
488
317
409
461
210
90
960
395
577
103
162
1192
197
282
336
566
380
463
217
237
331
128
616
142
188
611
127
455
403
321
640
952
355
562
219
940
176
640
1438
907
315
460
503
255
290
521
256
173
344
240
990
577
187
252
472
492
135
252
251
127
192
273
304
605
515
291
448
252
700
134
742
410
182
119
580
187
704
290
414
182
119
137
344
369
661
122
173
196
727
810
106
480
947
282
532
628
133
119
990
128
112
521
251
833
1139
667
549
1675
314
234
363
845
561
791
1033
132
191
256
311
333
220
708
487
294
265
332
475
284
287
521
1334
184
227
125
185
111
214
239
799
294
583
320
726
213
610
146
214
816
167
311
247
403
440
1137
376
193
505
814
672
584
253
459
564
300
216
420
924
573
209
166
215
44
673
381
643
152
138
282
263
371
441
195
250
200
165
298
211
542
76
282
685
384
373
475
332
159
142
177
411
114
243
400
554
317
877
456
275
309
190
201
687
389
487
842
201
426
149
407
1112
917
189
471
692
446
216
528
454
466
529
171
569
643
138
366
118
164
261
201
296
109
251
241
453
1265
305
939
679
382
178
281
196
236
199
239
380
393
279
688
373
251
514
331
540
263
126
243
545
186
227
1437
547
209
525
310
448
728
499
667
199
336
151
153
222
876
237
442
382
170
759
383
273
173
472
350
139
134
154
1099
196
1276
298
281
194
195
1029
186
174
211
163
248
118
406
209
415
252
526
281
259
187
809
587
524
155
400
448
722
893
145
306
343
177
295
173
363
609
499
1208
123
1217
916
953
310
334
142
379
335
219
368
1860
364
470
444
190
393
142
759
78
331
739
876
245
597
189
774
193
228
200
376
238
776
757
153
328
143
454
264
268
169
598
643
188
254
220
291
1200
199
513
305
258
644
188
548
193
125
246
644
417
741
190
427
246
148
329
294
317
101
208
290
329
349
403
149
425
230
262
209
831
651
177
181
920
427
541
198
331
375
723
666
871
341
730
245
535
626
181
394
168
629
479
973
560
212
1064
424
246
137
386
857
572
296
291
345
1003
336
352
290
436
370
408
316
270
200
159
1017
840
353
130
565
293
644
333
398
577
280
724
392
297
428
302
368
548
404
162
781
336
213
243
192
441
374
201
148
941
526
967
301
206
219
236
381
268
224
548
183
471
233
380
524
337
104
213
1700
360
281
152
137
262
316
516
259
297
226
278
560
742
327
383
471
323
660
419
273
202
444
758
838
166
365
642
334
282
420
285
207
636
401
208
183
715
1046
120
127
446
819
304
523
491
451
473
387
272
971
319
404
506
341
104
412
385
365
160
282
115
274
379
439
495
245
205
863
206
178
592
303
272
365
916
178
263
119
124
587
843
233
614
358
265
384
135
230
793
594
269
335
124
806
250
302
254
294
160
595
247
497
585
377
334
552
246
122
334
165
182
316
857
823
276
567
256
291
459
1267
215
252
135
280
313
115
738
406
445
158
300
543
369
317
436
268
298
150
264
449
592
180
550
399
268
237
486
126
244
156
181
449
235
652
427
732
252
433
523
177
172
260
462
140
716
171
250
643
194
512
177
170
895
286
276
278
147
432
370
244
385
151
647
262
554
414
184
168
105
458
195
371
273
444
423
299
715
731
1146
101
570
795
288
493
384
345
101
116
371
156
394
167
350
341
258
282
179
199
246
308
202
89
169
340
159
131
234
233
271
330
199
163
469
482
530
291
828
492
548
353
492
259
178
957
490
160
203
191
555
282
110
793
323
176
269
320
136
361
260
146
191
318
285
447
1428
424
417
92
288
121
553
570
621
473
587
324
745
438
146
304
145
115
188
679
178
560
607
360
669
321
211
192
408
160
1309
558
341
254
308
198
96
548
322
239
217
600
308
208
631
811
406
153
203
518
386
134
1379
1004
246
264
159
307
294
584
264
377
149
402
293
611
789
370
496
101
570
276
428
101
143
99
142
516
375
155
189
242
771
343
110
383
327
448
185
433
166
130
171
215
382
401
806
424
359
231
773
594
686
223
385
277
126
1652
396
634
266
994
410
153
184
2891
285
335
338
150
519
458
177
316
290
796
272
166
665
447
438
464
691
85
307
449
170
86
1225
283
75
180
673
289
260
216
259
346
184
414
200
522
864
250
215
1247
777
290
145
298
253
264
293
350
268
338
692
451
412
188
912
745
365
112
152
384
275
364
727
969
249
202
415
805
174
198
333
251
503
651
376
901
316
124
635
265
227
967
160
286
424
253
449
1315
576
333
188
253
141
1533
171
664
255
325
700
392
430
118
557
249
696
440
103
424
264
111
586
349
556
293
349
468
207
768
144
480
108
226
481
363
439
676
144
283
258
477
171
236
418
1006
389
391
165
346
290
263
486
306
163
359
118
246
281
183
259
337
300
252
174
144
568
329
361
246
369
339
156
1027
862
651
162
184
238
746
459
900
192
126
663
300
249
210
412
359
327
592
1054
226
893
373
312
158
396
267
248
255
204
226
404
144
87
97
356
314
332
656
155
597
389
862
681
869
344
550
735
345
421
576
427
312
250
625
210
409
281
81
74
347
135
355
844
161
702
531
261
95
237
256
368
714
657
659
291
441
183
361
240
258
883
310
355
607
212
537
422
512
281
449
443
504
1102
338
230
172
395
107
328
417
655
315
247
462
403
162
922
286
357
576
379
327
428
524
121
493
220
555
241
121
296
592
159
190
430
219
135
425
148
179
126
163
352
424
180
194
216
195
403
287
206
458
231
228
901
384
99
539
551
491
180
467
309
224
163
431
340
506
227
168
218
253
375
182
581
428
271
438
670
200
595
791
474
256
403
467
249
595
481
208
260
290
193
234
207
370
597
291
733
413
291
293
281
246
161
148
254
154
290
437
221
284
1120
326
312
495
316
936
222
139
272
393
153
296
527
442
169
145
528
396
181
389
882
281
206
141
660
349
171
232
388
298
232
657
304
405
224
171
465
164
530
94
488
732
105
364
247
536
453
105
195
157
134
280
190
111
233
835
319
810
551
390
345
178
208
176
244
185
217
418
373
97
373
793
287
749
378
656
200
203
194
288
550
295
724
1496
110
298
351
384
326
196
393
116
115
140
944
528
421
229
301
370
641
324
231
1052
216
269
826
261
298
114
109
887
154
201
528
259
157
286
109
289
166
875
801
536
289
565
392
486
479
335
539
965
153
945
106
172
804
282
141
348
310
233
164
482
284
179
153
666
296
465
187
462
202
209
497
241
428
203
305
478
410
288
1300
147
194
223
278
1017
398
140
646
382
367
108
124
477
128
210
328
250
349
580
309
314
282
1347
96
489
187
195
377
446
224
465
460
307
459
181
244
294
406
178
563
288
305
288
1132
227
227
271
205
289
467
335
522
304
221
149
431
206
343
103
134
216
314
368
586
209
169
341
530
339
250
454
289
374
201
323
337
286
356
1254
221
417
194
212
346
195
185
146
201
339
124
333
579
502
209
125
381
205
465
165
759
240
335
2226
572
249
197
171
1148
382
371
289
129
919
369
282
447
433
319
349
105
448
165
456
105
179
220
1258
679
100
102
154
199
237
194
329
369
219
560
278
239
804
158
566
369
804
231
240
244
140
116
165
560
130
303
353
150
645
165
118
111
449
196
96
137
515
592
632
285
133
327
292
574
404
198
302
253
237
160
221
443
431
222
437
505
206
204
176
442
173
802
484
505
284
284
632
476
472
244
249
346
909
151
300
142
302
261
346
705
202
366
896
128
238
518
90
929
401
246
566
370
207
547
102
511
299
135
177
695
961
306
229
244
1244
954
143
786
578
389
315
133
376
223
247
259
449
194
1021
330
321
487
114
345
319
135
446
310
110
866
435
183
178
257
109
1608
178
225
252
218
154
309
136
311
171
215
155
261
771
950
254
259
633
286
157
541
340
85
730
1044
635
489
209
396
284
566
107
514
142
277
553
179
414
446
130
133
329
118
385
148
388
538
259
230
374
135
130
339
521
286
179
240
166
436
221
319
666
115
704
170
446
289
458
492
431
156
233
310
435
535
1125
356
1460
448
700
467
184
250
517
231
176
697
261
284
212
1032
331
379
187
161
337
460
270
214
508
189
238
486
150
118
453
535
293
208
289
663
250
154
892
95
257
171
300
316
897
340
229
164
102
341
1334
166
321
278
311
304
387
1261
322
888
449
517
348
253
430
988
426
756
413
126
246
125
187
754
560
301
146
435
491
462
127
221
393
182
70
311
713
313
257
698
103
96
173
518
390
172
340
191
454
473
249
239
738
279
153
132
197
418
407
156
315
379
363
261
361
160
275
485
358
630
413
235
231
171
322
251
168
220
450
295
218
280
213
289
182
365
1042
185
210
140
576
136
377
670
186
246
163
360
987
243
95
360
543
377
167
259
532
384
391
301
722
479
335
289
553
717
326
427
144
266
403
127
299
128
237
258
914
537
235
168
168
155
173
480
212
167
679
269
524
166
111
270
1464
209
177
556
316
282
304
677
180
355
128
153
185
188
307
275
223
353
343
446
626
152
535
408
428
142
531
296
364
392
390
198
196
86
133
296
388
178
639
428
179
408
259
283
221
229
355
271
412
121
519
263
408
360
588
171
176
275
178
93
205
991
217
222
273
512
224
422
265
228
221
143
173
385
488
242
221
278
158
857
560
390
424
131
117
174
399
497
206
504
172
235
464
129
838
468
153
200
186
130
183
93
428
607
594
776
182
390
494
180
182
382
681
589
161
140
779
232
560
206
761
123
673
496
357
384
228
93
813
384
262
1017
356
563
498
178
339
465
592
323
164
210
296
434
111
232
374
176
111
531
502
111
628
110
179
329
332
163
383
376
182
199
304
513
134
590
226
201
461
443
548
543
687
278
211
190
193
872
404
138
382
197
200
206
144
648
162
443
386
396
274
1422
146
313
541
281
190
160
268
633
169
144
166
206
467
531
309
680
188
434
295
344
675
130
115
661
409
94
401
301
511
540
226
480
742
205
203
256
155
103
663
275
296
468
433
523
226
178
428
333
355
683
489
179
502
324
168
234
307
318
238
313
313
408
158
653
844
216
215
570
458
241
410
245
613
279
514
589
533
1104
282
826
570
266
313
876
331
330
157
410
538
376
145
209
436
530
157
662
205
293
80
458
778
528
124
883
454
195
567
333
609
119
329
395
158
263
550
379
302
249
474
466
314
246
147
114
239
138
458
191
902
257
133
176
294
130
250
433
719
246
129
524
373
138
566
412
219
216
352
833
162
230
1085
193
464
144
432
510
507
207
302
195
493
228
416
800
443
237
179
701
238
413
515
509
339
1385
279
129
322
494
549
206
207
85
315
294
547
492
140
666
130
375
127
117
454
557
708
365
404
155
163
439
300
92
87
311
294
169
207
70
203
223
419
146
132
103
274
413
914
291
307
771
240
446
442
522
834
116
542
349
281
321
562
434
484
221
451
649
138
813
136
134
386
380
670
431
348
152
138
250
192
216
287
290
532
260
349
461
184
687
773
483
109
127
813
195
356
411
205
484
120
119
324
249
208
1036
238
799
150
661
463
118
179
301
492
253
105
295
577
207
180
202
273
1162
278
217
423
201
151
117
370
154
312
312
132
249
304
213
221
241
551
269
557
185
97
268
701
688
767
579
677
369
338
423
223
319
268
306
467
260
300
152
280
328
578
654
562
793
304
463
499
445
881
121
259
162
380
189
258
142
291
845
213
114
138
269
148
249
387
98
250
186
224
373
233
163
129
171
713
591
217
163
278
934
440
153
149
430
788
256
342
193
132
238
593
211
259
557
931
859
201
382
281
210
343
488
683
197
164
585
255
352
355
359
850
471
247
635
255
582
213
215
347
438
665
131
196
245
191
203
350
271
120
128
365
193
238
196
183
472
238
646
243
278
229
164
145
282
197
808
457
161
162
54
156
261
690
378
341
102
192
740
142
224
610
207
241
238
404
216
1940
181
239
982
287
674
619
482
317
160
315
657
90
158
764
622
202
663
359
650
495
148
254
184
251
251
258
480
324
190
288
264
361
1553
259
139
286
658
377
212
409
841
377
823
219
77
122
551
174
296
549
329
118
289
465
830
153
110
527
402
150
474
215
222
348
256
400
127
619
359
478
224
232
358
263
186
382
218
201
1184
171
185
195
118
318
138
95
109
321
600
134
243
300
510
306
290
425
379
471
193
109
417
781
130
309
427
707
239
138
185
179
406
806
94
202
96
804
162
173
658
241
384
446
573
285
137
328
174
96
195
110
348
256
134
139
119
484
156
377
103
925
550
245
762
102
476
1044
482
487
252
584
589
170
699
181
1097
544
134
342
94
470
352
411
307
148
270
92
76
245
136
512
252
119
401
975
959
444
269
135
157
355
238
135
208
396
463
564
279
111
205
300
211
180
392
241
130
380
249
350
289
267
260
444
190
175
362
266
465
330
247
90
89
391
446
230
800
379
186
478
326
105
346
371
158
402
878
563
201
96
253
157
273
362
125
323
317
302
141
660
236
327
290
235
323
389
144
372
288
1075
380
313
467
857
320
299
367
175
193
301
299
254
167
324
520
859
671
138
249
253
181
1440
612
978
332
411
121
122
667
349
228
542
309
241
319
421
517
528
594
254
122
220
332
187
698
315
232
230
637
506
339
468
283
563
748
206
184
93
246
193
253
176
373
436
478
354
78
343
624
337
341
352
222
127
127
892
322
383
102
1014
528
525
106
200
563
240
184
278
134
152
254
526
103
146
281
407
363
2100
278
430
332
293
301
639
238
146
546
298
581
391
702
386
1109
804
272
273
547
343
276
604
175
109
471
615
242
466
1124
162
135
529
354
442
365
259
234
156
135
550
160
148
365
133
437
274
435
180
627
167
321
663
330
224
164
764
259
302
394
640
447
665
205
140
83
207
164
330
263
496
562
122
425
439
490
316
207
202
586
647
538
230
616
633
482
335
259
274
898
345
118
327
1089
185
247
188
442
189
197
271
271
756
383
441
142
258
470
484
508
267
221
440
201
126
137
200
528
81
455
1054
140
522
489
350
569
288
402
289
278
368
189
181
433
440
450
141
335
294
533
352
199
316
620
155
140
226
478
179
116
226
508
425
315
346
289
140
546
337
457
147
121
477
641
1043
350
154
156
157
185
315
1704
115
175
1078
81
388
334
406
361
579
428
234
236
440
814
507
228
391
613
623
900
374
181
182
1078
675
261
171
162
135
301
448
413
306
212
452
152
247
368
212
287
131
390
216
841
159
219
467
223
386
270
638
290
703
553
177
431
267
821
221
636
478
372
375
173
305
370
159
253
390
185
380
164
269
333
292
254
375
526
355
353
140
394
429
745
237
307
191
169
354
337
302
432
505
492
117
131
321
261
133
161
788
181
409
129
219
114
628
441
663
550
220
184
137
704
287
190
248
746
659
141
334
672
423
631
239
190
117
256
130
187
220
136
785
143
478
663
147
273
588
208
193
404
505
130
292
133
429
612
560
268
386
257
382
839
358
164
251
240
872
474
106
350
735
181
372
229
478
394
122
183
331
342
431
205
307
263
450
386
226
154
419
239
211
450
448
355
293
246
497
347
247
133
77
604
310
108
236
223
237
265
303
390
566
281
331
231
214
152
239
389
133
693
498
246
148
485
87
209
274
281
136
578
617
329
463
147
146
275
161
175
215
177
887
199
178
247
636
517
161
106
198
129
227
209
129
469
127
361
213
844
387
250
538
196
194
118
512
223
398
262
172
435
182
386
451
350
152
136
283
312
341
145
258
146
411
435
231
337
201
866
393
455
473
198
308
365
184
337
194
518
108
645
221
366
106
206
172
149
440
1840
279
397
669
228
156
885
237
137
243
124
496
155
133
462
191
169
130
224
336
349
826
277
369
399
110
184
585
161
224
349
210
82
613
255
132
253
279
182
503
599
246
177
377
224
181
215
176
120
422
408
431
150
241
144
438
316
1029
272
387
249
445
170
453
284
190
768
306
287
138
117
285
226
136
330
283
405
375
172
755
280
124
254
252
432
289
525
145
197
143
129
193
213
454
89
648
242
162
207
378
197
341
320
207
317
273
133
191
388
948
178
221
442
142
199
428
206
492
201
228
288
265
439
1043
242
215
416
155
367
198
265
669
713
341
183
387
119
122
187
335
546
242
112
137
312
231
286
283
570
203
654
261
562
458
395
583
192
239
311
330
120
581
185
223
568
124
137
161
271
214
528
457
296
386
466
456
116
254
135
259
224
451
184
180
233
249
252
140
88
252
206
387
251
688
240
79
155
261
172
247
284
263
160
88
396
313
251
386
165
210
282
90
149
791
1018
263
349
815
370
526
141
639
433
622
142
460
167
86
407
135
145
256
208
181
142
112
503
403
405
110
214
395
427
279
274
419
245
884
539
182
165
327
188
188
286
540
96
303
152
488
540
176
275
229
575
294
259
394
316
501
115
334
251
223
240
259
131
213
378
293
123
553
202
392
106
508
169
612
127
438
345
412
760
157
178
547
487
624
155
178
163
126
218
217
484
168
502
313
1099
771
720
194
133
257
187
433
292
448
392
507
647
146
388
288
251
417
556
179
119
335
223
1008
281
590
287
112
338
748
394
141
478
455
150
445
438
181
281
142
709
223
151
245
995
234
299
222
96
103
167
347
625
601
343
291
482
337
270
160
182
380
121
478
196
223
99
324
147
175
372
343
232
650
304
183
395
187
492
121
209
385
192
606
698
187
923
267
288
639
124
116
975
180
164
382
505
231
286
565
218
225
88
161
186
172
220
294
180
363
166
195
350
632
285
155
176
322
110
240
695
317
626
271
509
169
183
307
121
209
327
240
286
88
181
194
336
226
127
254
122
172
243
172
211
432
225
216
127
92
334
127
656
254
135
319
392
238
354
198
421
184
405
262
680
201
192
169
189
329
385
322
193
284
198
645
109
214
319
233
323
432
196
138
147
405
414
123
90
614
302
134
819
151
404
284
289
219
377
198
442
845
188
165
186
303
174
178
231
464
191
366
330
172
465
245
441
270
383
213
696
211
386
252
232
805
511
419
110
105
656
236
279
333
125
303
314
235
194
188
564
518
454
162
122
317
380
278
503
137
317
86
439
117
349
623
106
173
312
343
224
146
317
520
350
303
399
367
132
835
936
723
446
191
158
289
216
190
670
615
200
147
183
103
458
129
438
199
365
236
441
126
324
291
119
412
199
138
349
129
211
152
390
281
192
329
351
442
551
124
254
231
307
454
223
120
460
109
140
262
151
311
183
181
124
118
149
152
144
482
181
388
180
328
409
398
301
130
192
206
229
182
228
218
212
365
411
337
213
106
124
197
300
129
145
441
127
341
378
335
165
218
380
196
445
674
197
409
583
471
121
232
437
135
408
189
213
151
121
734
251
227
394
263
620
615
291
246
323
439
186
130
126
304
229
388
388
391
315
368
127
604
103
141
268
188
90
188
302
568
146
509
399
315
458
447
163
759
420
122
321
1139
172
175
165
469
252
718
144
122
243
186
246
349
76
350
205
391
372
380
94
625
475
495
164
248
323
339
231
697
337
555
105
410
183
142
553
333
269
328
339
164
410
636
363
451
597
342
220
255
157
169
235
250
146
422
643
501
236
432
157
126
159
679
378
261
263
202
124
244
372
697
283
383
1294
375
1013
842
339
274
126
443
356
186
597
360
696
69
456
214
336
608
373
623
637
436
283
380
275
133
175
477
471
544
317
545
156
704
70
136
397
446
469
420
436
292
494
300
370
293
237
232
183
313
237
260
392
282
448
195
553
276
163
167
143
354
184
278
483
281
189
132
280
195
169
214
110
296
453
334
78
941
217
556
233
569
869
189
602
100
259
421
547
345
346
260
117
413
202
246
187
159
185
334
350
266
253
117
115
424
560
107
249
194
452
190
843
143
878
110
450
406
148
365
330
303
265
142
318
133
357
468
310
207
504
341
430
89
277
351
372
178
337
322
165
83
184
177
264
250
319
750
157
266
178
525
207
651
615
380
275
238
345
237
195
149
146
128
692
182
154
229
277
403
334
283
199
390
465
1374
582
198
548
463
234
143
271
376
126
266
139
148
261
121
200
103
749
589
214
536
367
310
164
215
288
135
257
134
431
387
192
123
147
304
344
101
315
164
330
307
191
269
242
407
376
227
422
160
338
312
766
204
83
377
906
183
456
476
527
268
181
477
261
416
254
528
217
558
213
330
326
531
136
254
387
308
210
310
249
154
150
457
212
289
176
311
428
332
251
280
414
439
369
532
342
399
516
579
196
548
305
97
187
170
301
182
397
469
350
218
115
220
412
146
203
214
449
310
113
346
642
202
273
602
415
527
131
303
358
757
215
149
154
470
132
575
138
145
365
188
322
328
134
202
305
356
187
154
201
838
249
413
160
204
150
153
543
211
297
321
310
664
155
235
352
302
334
261
411
401
85
94
427
403
199
258
166
383
255
135
240
192
469
133
222
376
686
273
438
505
374
199
560
244
138
461
327
290
371
482
268
498
185
245
291
134
391
225
258
330
221
118
140
718
225
365
115
365
305
286
186
560
450
242
130
951
504
261
287
485
986
66
435
264
340
225
838
136
121
404
243
328
216
450
474
105
476
348
449
191
199
186
419
176
478
387
411
205
282
471
341
288
139
397
178
338
525
200
186
243
88
323
350
247
151
198
154
282
360
377
291
191
327
423
654
183
97
284
232
180
271
193
103
392
88
147
155
232
486
192
86
486
359
327
245
458
278
485
429
165
190
529
134
205
283
433
353
184
263
383
221
366
226
211
264
387
313
418
131
314
97
187
253
437
393
351
193
263
303
219
359
193
370
149
416
183
205
328
572
307
395
135
307
501
402
202
352
228
140
247
156
466
297
247
500
418
412
277
320
390
157
187
462
270
291
185
117
330
512
207
211
219
630
146
151
131
288
361
363
203
164
333
730
276
209
236
222
222
160
185
293
577
229
404
275
200
418
1131
320
630
198
295
181
885
157
429
279
379
552
201
375
579
161
311
408
303
249
279
565
412
417
751
332
199
241
282
247
482
155
397
328
198
835
230
116
164
214
161
517
276
154
309
230
104
156
290
515
97
207
226
186
392
194
113
319
116
580
340
357
547
182
121
706
221
378
259
322
141
249
254
128
151
417
345
445
342
300
365
236
138
147
141
128
298
312
143
163
381
196
292
433
126
125
355
144
287
261
315
95
117
601
160
436
271
125
140
534
99
433
467
241
1239
333
586
170
131
257
623
224
247
88
513
133
125
177
175
175
132
149
528
426
329
207
333
176
243
167
277
237
116
110
307
84
160
463
435
494
258
274
319
284
724
195
574
204
106
319
272
182
285
163
149
198
189
307
206
378
330
422
236
606
462
235
92
371
401
221
284
379
165
274
263
363
361
707
160
333
538
169
265
97
269
371
186
393
183
589
159
262
606
333
372
286
88
260
150
516
180
182
120
262
221
313
184
354
275
171
140
199
173
303
435
154
344
676
657
127
202
173
271
378
371
311
156
126
528
430
341
216
346
136
524
182
342
250
278
188
216
160
247
542
276
119
229
473
354
525
206
318
123
288
283
182
229
325
100
525
148
250
130
155
112
116
246
194
313
492
143
280
118
107
168
121
149
237
476
299
182
312
251
302
211
73
193
311
506
339
307
208
206
309
159
573
256
163
164
98
169
840
187
241
234
91
470
109
141
810
193
188
612
204
135
500
202
185
232
373
197
96
361
229
440
130
215
202
193
456
262
151
406
435
479
793
777
550
529
154
230
161
331
267
286
483
197
369
241
224
230
149
228
196
415
251
647
133
199
146
209
216
419
298
685
486
220
589
186
214
208
356
446
457
309
322
390
220
514
191
405
247
103
214
422
170
364
194
402
521
383
101
491
337
363
440
717
282
335
222
175
291
273
337
201
181
161
196
413
132
230
587
302
371
247
322
149
160
235
235
345
200
846
115
357
293
440
216
215
954
138
621
569
220
268
427
397
465
131
255
122
540
784
155
383
154
208
261
383
175
152
573
1217
114
479
233
805
150
216
388
387
199
183
195
251
324
1036
284
371
357
219
491
256
216
237
321
276
200
326
528
207
406
412
827
108
874
595
280
224
784
300
206
196
297
79
144
193
452
157
488
120
161
363
541
827
340
211
362
185
168
320
241
136
113
157
407
185
328
230
335
313
349
196
695
184
187
359
319
600
204
105
105
188
344
233
117
649
214
140
676
515
274
308
150
346
400
176
402
326
336
218
413
545
115
820
258
210
241
195
305
142
386
236
285
298
341
825
236
231
183
156
313
186
146
118
525
400
159
197
185
592
714
395
182
127
130
142
256
373
903
93
188
456
93
464
218
220
347
151
363
279
396
312
201
233
367
213
375
171
118
209
251
194
335
261
203
434
356
322
212
530
143
140
195
292
193
244
373
327
146
231
583
286
446
702
587
217
259
105
210
241
201
129
340
148
221
107
242
253
139
526
190
436
495
131
93
274
328
545
157
185
382
146
93
288
283
293
305
687
274
362
229
589
306
196
374
218
160
232
555
147
583
141
230
352
147
302
187
465
192
147
292
335
220
291
272
372
147
154
219
627
239
636
172
179
341
309
334
233
417
714
133
136
504
351
156
169
531
133
533
248
271
588
682
556
165
331
230
552
871
72
161
915
129
401
193
179
534
172
285
550
533
177
126
139
422
561
207
127
441
275
291
294
645
1115
394
154
167
203
194
299
651
109
102
434
324
470
283
111
548
269
180
327
211
347
302
384
352
257
118
399
182
133
720
133
164
180
156
368
178
500
170
445
199
200
705
224
537
329
202
195
275
394
595
313
381
360
169
500
201
690
474
569
374
181
508
321
580
320
135
295
159
87
129
161
179
287
296
208
188
266
146
312
165
339
241
135
178
479
293
480
149
198
344
161
244
271
188
192
163
155
276
415
204
141
500
254
418
227
417
187
171
283
138
157
273
325
167
337
441
260
301
216
388
273
262
131
652
209
136
189
305
459
154
213
293
542
308
349
113
160
306
344
253
196
279
835
275
163
157
392
178
132
673
754
338
108
408
391
313
236
146
237
325
401
456
687
302
181
259
180
269
174
336
542
161
448
154
540
270
177
416
265
376
322
137
543
275
472
223
556
238
167
168
151
216
627
254
283
900
270
425
134
414
287
515
331
176
454
582
143
425
229
430
290
336
256
177
82
307
526
423
158
282
351
342
496
415
340
177
351
152
136
195
162
259
252
184
134
273
90
159
195
217
126
192
393
409
198
229
332
262
122
113
143
199
172
323
314
118
373
524
265
287
239
645
253
193
171
285
177
142
118
606
292
122
154
738
191
186
187
230
302
178
434
381
233
631
748
209
351
200
179
209
518
74
521
268
158
240
235
229
162
317
459
197
393
1020
332
805
303
258
110
78
160
331
87
683
245
229
100
155
187
162
370
487
229
253
606
123
133
230
113
420
307
210
193
390
190
319
323
167
335
490
192
354
193
302
239
548
384
773
629
229
218
229
265
257
182
239
202
145
397
405
165
266
248
288
619
592
166
682
251
279
304
102
367
235
158
195
476
352
291
235
180
377
205
228
555
105
241
192
357
138
254
192
145
227
229
163
223
195
364
312
628
135
201
164
170
641
224
403
321
613
363
269
123
297
198
141
375
348
410
144
257
222
408
725
166
143
184
324
294
429
792
120
191
205
232
272
178
293
427
152
503
133
101
136
217
119
91
240
117
741
185
1270
157
274
154
140
454
521
171
149
299
280
251
208
147
226
612
141
465
115
232
506
84
710
1071
80
249
422
506
774
130
236
342
189
311
156
518
571
97
188
262
166
883
383
568
280
761
229
425
434
345
151
128
404
365
248
118
157
134
178
178
183
401
175
94
251
325
859
339
69
139
144
197
302
209
966
271
232
550
336
277
208
207
527
135
99
427
177
335
170
934
323
159
150
428
217
316
128
304
169
124
204
680
251
271
108
200
192
147
260
278
450
364
389
248
147
402
183
203
123
124
422
416
402
299
215
403
130
315
170
324
161
177
263
464
378
229
238
168
492
185
454
217
476
480
346
267
163
806
297
210
219
153
121
225
286
139
386
403
350
168
506
320
375
197
107
137
401
836
257
264
247
282
373
206
146
172
258
122
152
122
268
288
546
126
285
315
109
230
312
262
590
288
460
137
96
472
152
500
229
309
533
397
273
167
235
244
400
401
748
507
134
692
112
96
192
157
171
192
118
433
229
188
129
350
317
468
182
298
658
264
441
311
210
198
308
337
283
211
632
168
127
167
106
120
336
107
459
474
122
725
265
186
145
118
203
118
200
324
546
239
192
299
287
164
163
303
629
147
300
218
395
342
460
163
142
443
342
116
402
160
199
219
448
199
124
211
163
164
186
123
543
146
105
253
265
162
435
263
151
305
293
132
181
200
708
115
892
432
311
197
417
194
113
203
137
260
121
301
435
201
231
249
254
681
330
234
412
387
197
135
135
271
292
258
253
183
143
239
150
150
126
415
185
171
161
136
378
270
201
488
638
471
175
108
174
392
198
487
133
192
277
281
332
392
417
186
871
173
391
132
181
145
685
119
181
248
326
527
320
332
549
187
141
398
243
291
222
201
426
263
227
595
254
291
146
403
545
243
152
635
179
146
374
391
272
355
284
511
243
168
115
358
225
208
235
448
462
267
358
375
434
233
138
615
170
326
233
429
124
428
120
183
92
264
211
205
323
230
115
355
144
155
160
439
240
68
203
303
300
849
240
173
259
98
215
219
291
838
633
154
313
321
278
656
353
126
205
325
164
248
767
513
150
459
564
121
174
124
111
712
262
210
448
506
209
383
549
164
205
204
574
544
167
115
124
318
97
202
212
524
398
204
536
710
635
101
177
496
250
463
207
205
511
243
317
269
127
572
286
494
412
648
118
428
277
267
201
124
217
217
273
87
292
292
187
461
545
255
186
189
232
151
152
126
150
168
446
390
383
219
116
389
220
318
408
470
307
105
124
205
185
235
365
491
602
364
230
121
220
110
257
287
165
428
220
308
190
218
176
358
208
266
211
659
105
165
165
209
524
283
178
251
344
92
593
125
266
376
188
405
256
238
305
237
256
207
432
247
226
252
214
150
299
171
237
454
147
198
233
125
282
232
452
118
590
173
289
118
816
351
167
320
125
158
420
311
333
205
274
294
234
227
706
179
133
559
262
241
628
166
177
435
192
182
697
373
228
321
199
345
109
364
79
387
146
150
139
354
213
143
420
187
400
196
263
203
435
251
255
252
172
97
388
299
338
185
176
468
569
244
424
717
202
580
119
368
167
230
647
144
187
234
286
262
249
191
215
95
129
248
194
216
126
142
144
428
273
408
182
145
314
342
238
155
279
213
178
335
343
453
373
431
346
163
289
291
149
230
203
137
439
300
169
179
178
254
459
249
143
259
268
138
140
626
127
324
159
547
186
209
238
224
381
154
330
216
512
525
336
206
224
449
203
174
168
233
332
462
634
228
180
412
246
248
348
262
246
151
306
388
407
193
294
324
435
270
333
161
210
161
130
200
109
319
175
358
525
207
408
545
385
138
384
406
376
206
212
608
138
419
111
161
420
148
616
190
523
349
144
154
258
549
125
370
182
198
369
428
261
382
234
339
273
148
399
175
121
112
123
264
105
300
118
155
451
361
410
198
380
139
347
146
351
147
136
552
129
188
349
173
227
167
365
132
213
567
446
228
222
840
193
337
205
330
182
189
290
808
330
147
174
269
194
395
264
293
533
369
517
288
131
115
522
382
522
331
337
448
214
198
238
282
261
308
160
362
486
211
326
1009
125
266
399
117
255
290
457
112
306
107
523
266
272
235
148
286
194
145
189
171
501
319
158
428
203
435
396
305
297
125
420
312
284
188
103
95
330
486
87
350
372
452
187
130
95
217
132
199
217
153
809
202
577
208
340
170
103
164
209
141
139
348
110
199
179
286
524
182
149
120
271
242
219
127
148
406
152
321
274
204
460
136
311
334
482
369
275
911
112
187
208
426
134
545
188
315
206
364
315
149
138
156
603
261
156
276
135
312
342
207
631
236
349
124
113
111
175
285
384
358
196
456
153
723
257
122
203
155
142
461
202
178
168
454
186
218
802
582
323
150
249
361
562
139
226
159
177
385
133
197
176
307
278
265
550
323
149
208
191
219
405
466
227
350
246
127
138
87
307
176
204
315
769
119
187
226
172
269
296
243
137
261
358
183
250
308
304
187
208
175
139
487
318
137
230
152
308
190
323
172
242
281
584
448
159
182
180
267
205
138
228
317
154
334
769
405
139
114
282
459
407
170
611
251
235
164
959
583
180
326
200
285
179
265
261
256
337
345
154
316
236
160
199
370
123
538
287
261
310
393
172
200
131
143
176
138
150
263
189
243
72
266
515
164
118
296
235
307
199
183
284
228
257
162
509
107
266
475
173
314
118
237
196
208
649
309
714
407
388
130
305
121
460
640
154
103
175
244
283
285
282
366
539
433
107
343
493
298
201
416
140
438
562
534
163
360
363
204
333
446
250
135
304
112
329
739
129
508
351
288
257
229
280
217
197
287
157
464
139
247
218
186
161
233
344
542
273
233
327
299
105
357
255
145
176
303
180
209
107
144
240
284
225
159
257
543
312
293
310
162
265
455
215
347
212
270
162
236
165
152
205
320
197
391
225
262
187
269
334
390
201
286
143
579
199
245
540
253
298
530
124
156
201
238
191
295
205
202
216
400
265
262
98
91
764
236
196
156
194
456
318
202
144
110
429
184
293
303
389
132
269
189
73
243
427
147
229
140
109
190
109
74
349
219
525
170
383
301
371
493
506
620
67
147
315
125
259
181
103
162
152
188
228
233
515
221
92
103
518
109
186
79
254
529
344
248
334
105
162
72
162
225
317
131
292
108
575
441
134
426
100
150
258
75
264
220
196
785
167
680
242
215
225
153
207
1394
80
79
116
144
163
473
255
207
200
231
135
236
103
227
475
110
777
452
357
299
233
179
141
136
316
301
705
164
365
102
115
218
192
252
98
94
202
251
611
338
174
223
98
192
440
569
360
139
277
147
135
162
307
335
122
90
189
246
131
428
150
274
175
294
216
274
655
193
339
272
162
162
231
263
167
365
150
451
318
283
177
123
168
790
667
437
307
308
246
244
119
450
261
261
272
465
106
185
211
211
186
261
216
537
369
119
393
428
428
215
187
430
356
147
151
347
286
115
116
216
303
398
124
314
157
371
284
129
280
76
230
325
152
155
278
221
198
228
230
173
118
101
367
218
257
112
271
278
350
737
307
424
188
149
274
224
370
260
463
463
583
78
140
175
173
116
113
279
834
437
344
240
486
266
605
221
358
349
206
289
567
170
160
246
407
354
251
280
117
440
89
172
245
285
211
261
239
85
234
526
114
180
146
266
345
145
200
254
507
198
504
296
195
210
241
339
294
241
176
321
172
179
154
430
175
183
317
125
201
347
289
259
323
432
110
932
161
133
482
196
152
99
323
195
344
69
212
595
127
717
146
369
517
162
261
376
415
340
386
184
200
115
255
654
191
434
319
226
181
83
352
178
411
340
148
87
166
255
199
259
138
293
167
368
190
155
101
295
137
116
423
82
378
208
371
271
264
304
512
295
335
283
146
397
284
309
268
81
302
189
434
391
374
111
159
614
223
621
240
208
261
213
167
189
403
174
134
154
319
218
130
336
133
349
185
183
250
318
168
250
193
418
298
508
324
730
219
111
258
90
270
342
291
189
265
209
340
219
188
146
188
139
313
164
146
178
431
292
120
336
125
241
680
514
201
270
168
185
367
452
388
200
242
543
241
230
207
181
380
277
287
428
206
281
163
517
148
372
200
182
161
336
229
230
237
204
173
288
393
232
119
146
357
153
97
247
331
269
219
133
241
296
176
162
352
328
251
406
111
361
158
427
102
372
169
395
310
213
332
514
218
443
145
236
215
279
176
338
232
378
426
151
203
756
124
266
223
156
332
287
259
99
422
296
262
101
208
564
260
638
258
260
438
389
222
332
185
94
173
184
271
171
153
281
202
178
262
137
461
598
318
234
177
129
129
570
240
177
408
177
508
220
215
241
374
268
275
148
455
380
225
221
153
268
120
280
165
325
205
122
438
106
251
209
194
110
281
218
332
183
245
292
783
149
295
218
238
205
320
227
285
144
266
1027
287
497
104
287
772
639
116
258
251
160
433
134
372
185
338
465
155
240
281
166
157
113
253
541
166
171
261
141
751
880
160
293
601
254
364
220
288
143
183
259
278
284
153
236
192
464
162
437
255
389
242
332
182
293
240
796
526
535
96
148
195
191
193
209
136
210
383
248
229
640
123
232
214
282
139
260
550
224
140
291
337
329
270
166
152
166
95
898
311
342
233
216
367
199
174
220
501
256
342
459
105
232
129
182
119
260
182
277
175
278
207
248
300
325
183
273
193
283
308
168
206
347
218
282
367
394
272
326
270
519
310
233
363
229
274
198
882
236
313
239
614
222
294
359
322
223
252
259
505
674
115
244
237
493
99
196
599
107
141
158
325
531
90
136
137
246
287
369
312
395
305
180
115
507
262
159
157
373
215
278
173
264
238
202
119
374
401
281
121
101
188
224
152
423
155
297
184
183
143
227
170
282
304
445
264
162
122
138
384
773
88
220
310
204
381
120
222
293
136
492
215
444
137
118
285
170
205
104
301
348
181
292
94
116
128
219
256
144
162
425
109
155
160
156
307
137
450
363
286
344
298
211
159
174
201
128
167
145
246
226
333
317
203
136
334
391
537
175
219
347
441
218
299
249
159
213
468
262
74
88
113
94
190
208
98
177
160
155
226
93
227
242
242
453
172
118
222
238
383
563
297
528
432
271
302
101
255
343
167
194
409
260
113
241
366
193
232
354
146
258
166
113
299
277
239
159
258
235
420
160
194
191
190
657
179
364
389
185
215
280
217
223
241
191
715
153
293
589
263
113
156
204
139
252
477
365
565
120
402
124
332
168
236
180
292
274
277
371
433
218
186
262
1285
94
551
450
402
269
350
170
369
418
336
84
168
317
126
357
397
443
185
234
201
351
408
161
351
96
218
413
119
408
159
292
288
522
218
228
281
165
199
215
171
510
376
209
170
142
656
359
112
289
107
233
298
373
234
561
152
142
132
141
149
253
75
209
146
402
153
332
180
339
363
413
421
346
390
428
119
357
296
319
165
412
373
210
159
226
274
213
141
303
596
157
138
167
142
161
400
293
248
130
84
370
311
123
163
302
194
311
145
116
197
339
174
187
286
329
573
226
259
215
241
210
169
252
148
221
142
674
183
377
290
197
114
334
229
357
296
488
298
182
258
365
207
265
151
214
190
214
201
96
272
926
224
351
144
341
259
394
152
745
391
218
213
315
671
207
270
152
196
261
190
138
566
1092
171
210
416
358
269
389
151
362
247
688
369
192
640
423
463
228
300
329
152
239
441
703
237
325
144
153
438
235
338
405
195
283
179
239
278
314
141
108
126
187
242
94
248
192
258
294
388
214
315
519
199
255
255
412
102
199
292
154
284
191
174
143
270
279
220
319
193
312
243
296
106
215
338
255
193
311
220
121
367
236
218
141
232
252
105
163
444
142
133
365
144
307
468
170
192
161
175
213
351
246
202
236
139
149
177
107
149
294
415
301
232
355
160
289
128
285
368
166
291
382
163
191
419
202
403
357
162
157
255
336
616
183
301
234
240
142
228
198
222
235
172
398
169
119
141
184
206
256
159
182
190
186
280
145
262
231
232
139
300
330
222
154
125
310
220
116
212
230
247
279
534
219
418
233
153
112
217
326
318
502
355
118
277
100
192
304
206
189
336
208
254
299
334
217
192
114
216
443
172
934
177
887
505
236
155
216
294
455
198
198
159
113
113
209
279
236
209
294
332
409
301
114
194
264
131
364
350
215
113
249
154
352
218
186
226
319
176
244
151
231
194
203
171
521
201
120
265
212
540
182
174
429
605
148
217
428
103
253
222
131
181
731
236
167
159
367
142
434
148
282
221
231
422
275
303
164
173
267
358
232
374
130
141
94
169
125
217
288
107
194
175
298
403
259
79
240
136
265
427
414
389
141
220
549
200
292
181
531
333
155
447
372
754
377
195
414
364
366
287
239
383
333
235
264
98
298
360
340
229
204
260
228
140
364
170
118
193
148
225
175
463
121
376
608
447
184
229
93
231
450
583
239
124
339
263
139
282
172
190
654
127
193
248
210
252
189
98
337
324
226
122
440
219
145
280
516
331
105
380
350
125
116
109
221
184
139
574
168
242
216
457
137
120
201
157
171
338
527
278
189
306
257
169
165
138
357
239
121
342
197
241
193
356
439
355
227
218
386
250
226
157
242
341
310
302
229
167
149
161
151
201
332
198
304
442
240
97
238
156
102
99
415
135
300
441
304
655
171
134
136
157
181
278
193
246
140
160
330
205
155
203
154
263
310
170
233
183
119
194
185
200
301
181
95
225
221
139
175
95
165
103
94
682
420
256
183
149
191
358
300
231
261
434
209
246
272
237
438
438
394
185
130
327
139
372
152
153
349
295
192
229
343
311
271
172
311
207
356
164
205
530
497
224
571
736
371
417
177
284
189
353
266
297
229
228
264
182
156
210
291
226
169
140
281
395
190
280
436
199
520
388
294
192
223
189
247
185
345
500
141
162
321
453
308
126
857
185
238
296
54
205
160
293
191
173
157
190
236
279
194
198
275
617
200
156
221
309
210
210
346
214
351
139
382
158
293
217
198
317
378
112
199
232
356
307
184
96
386
468
87
552
101
336
243
141
333
129
415
275
434
378
323
293
208
132
285
753
186
108
255
109
304
199
215
140
295
261
169
361
199
306
336
238
104
215
120
388
316
161
133
293
333
158
129
295
317
149
373
118
168
166
131
127
157
288
416
216
137
199
339
153
212
131
352
89
170
223
220
391
181
148
95
300
119
289
162
293
191
200
141
201
215
253
279
359
317
112
189
131
229
416
398
263
214
359
375
204
181
330
308
223
262
159
397
255
258
194
183
467
314
122
258
130
417
292
154
723
176
390
193
224
129
237
482
260
129
107
104
414
701
317
130
251
134
268
418
242
748
353
138
222
243
365
212
217
273
261
260
173
287
175
368
117
222
332
305
270
231
173
220
104
303
124
218
217
327
167
120
279
490
127
127
390
253
135
358
115
100
156
266
113
266
141
241
139
171
120
215
217
222
160
248
361
281
89
213
208
240
700
144
163
122
140
502
238
235
234
190
268
152
193
157
209
159
265
79
341
125
155
140
287
136
222
357
188
168
204
516
669
163
246
208
177
122
381
259
318
106
129
129
341
181
96
372
193
331
285
237
174
340
174
205
271
84
294
501
168
164
244
390
868
158
232
217
102
462
262
287
171
245
312
109
399
173
119
129
225
269
175
277
211
364
117
191
213
128
264
214
325
109
140
254
346
223
475
293
232
272
305
223
256
214
471
209
236
356
292
357
381
233
211
209
73
136
371
168
208
220
281
247
192
277
76
124
437
191
95
294
167
149
161
543
308
236
173
363
191
194
154
275
296
294
278
403
217
137
167
220
446
176
165
222
196
356
65
530
84
262
94
115
221
173
244
316
223
724
93
256
382
149
163
288
141
462
397
147
220
180
147
77
289
244
349
134
172
225
267
153
196
267
267
153
317
279
302
149
459
290
123
224
143
352
229
280
159
215
242
108
185
227
214
272
108
326
310
121
148
228
146
382
181
89
91
119
365
257
168
253
109
211
178
285
299
412
156
208
110
386
122
177
476
129
108
124
138
325
268
168
159
322
462
299
171
471
164
166
159
207
104
228
123
282
192
278
416
97
235
288
430
149
151
273
250
125
301
148
526
420
492
278
274
441
357
130
128
436
296
177
168
130
213
123
242
160
195
389
185
293
96
274
156
186
203
245
321
309
178
225
176
200
187
184
425
192
86
255
103
187
220
165
295
154
321
351
338
217
114
244
411
254
170
166
185
287
178
380
139
200
466
224
178
131
183
84
173
141
236
247
241
233
115
208
236
312
153
151
174
503
368
154
153
353
236
93
130
229
148
173
131
99
305
309
286
202
185
286
143
245
434
143
215
196
164
302
190
199
305
143
165
146
267
106
392
190
199
193
382
378
137
467
267
151
209
387
402
281
158
229
86
157
257
105
186
202
120
177
130
212
235
175
133
154
161
118
218
398
210
220
382
468
660
272
264
357
163
116
229
353
309
158
114
218
112
189
114
191
291
382
124
444
385
149
161
97
187
154
99
372
123
435
429
161
314
331
314
184
185
285
163
195
582
283
240
556
181
122
261
314
323
332
84
254
327
301
149
198
230
108
213
311
294
275
371
356
260
193
235
179
315
156
115
262
399
178
319
242
134
250
194
211
329
156
495
275
198
315
99
164
193
280
157
324
477
189
241
164
78
294
228
455
219
236
275
223
294
289
122
212
116
346
123
337
294
274
300
196
252
143
360
132
268
226
526
141
115
221
180
325
300
180
111
360
304
362
152
527
200
386
125
78
95
274
152
249
90
262
264
699
419
83
168
265
169
221
119
207
206
217
140
222
243
185
176
161
179
153
156
271
375
148
124
385
276
412
337
257
308
273
160
408
147
208
287
254
128
390
498
164
203
175
112
229
425
208
173
136
258
180
448
527
146
181
176
765
260
228
131
121
151
281
241
120
170
220
205
381
99
418
168
241
106
291
194
146
263
386
118
147
129
306
464
258
150
396
406
169
341
128
376
114
227
328
137
106
293
180
445
234
285
338
217
345
289
137
672
89
254
306
249
224
444
207
465
256
126
75
368
100
471
133
153
145
141
188
154
217
170
490
318
163
259
268
213
271
361
606
134
206
298
232
338
284
108
207
336
270
330
124
199
264
156
310
324
375
211
607
208
128
177
294
187
172
124
140
230
475
151
196
232
276
226
478
690
195
257
102
131
359
193
242
198
432
195
309
201
274
152
171
142
369
432
305
349
180
201
233
171
291
215
163
140
86
275
337
133
144
147
182
183
326
159
88
436
91
167
249
165
93
425
217
133
135
151
193
209
155
144
502
94
129
257
235
354
172
355
153
195
178
151
214
184
203
232
237
185
177
158
116
224
131
162
259
131
148
305
103
186
163
100
118
343
185
374
200
124
759
529
243
75
221
209
235
200
362
214
339
882
244
231
264
80
237
319
429
86
262
167
132
279
298
137
238
227
139
248
164
183
261
151
179
177
220
352
309
149
176
503
228
161
204
302
398
190
121
178
203
162
147
286
213
228
115
169
110
192
338
358
367
131
190
132
124
324
130
112
253
222
118
182
403
111
492
88
76
221
181
327
217
124
253
411
361
92
408
138
470
233
697
157
169
147
167
230
368
150
331
377
255
209
194
392
122
145
186
160
89
255
268
129
158
137
269
303
114
399
331
362
162
100
149
83
226
220
405
187
179
119
438
344
271
162
311
329
319
127
121
241
230
156
183
88
166
181
227
160
293
146
231
374
120
226
233
105
199
266
109
288
200
180
164
269
176
256
648
81
323
292
221
211
141
151
262
364
172
141
113
147
142
178
118
99
160
415
168
191
203
131
188
216
149
182
266
260
235
255
166
227
470
126
420
323
217
168
137
132
482
162
110
195
289
246
356
122
145
177
216
240
176
206
299
274
251
92
118
89
203
222
169
456
228
126
170
317
416
200
135
309
466
322
178
483
106
193
189
365
144
186
293
244
194
117
271
276
219
295
627
265
322
254
177
245
534
158
287
276
523
410
219
214
282
358
171
211
199
122
255
235
232
540
215
295
169
183
140
257
459
163
233
207
193
227
215
288
210
527
84
193
184
156
185
108
395
179
128
315
309
328
91
237
213
188
202
232
102
166
211
239
245
96
218
222
80
173
211
182
231
468
230
186
164
125
669
445
202
138
530
141
227
143
89
593
228
106
411
174
469
157
243
104
457
303
232
176
79
320
279
505
202
278
379
172
103
151
321
308
173
172
337
453
206
157
212
119
208
164
144
223
124
287
270
219
162
275
138
127
164
340
309
362
134
254
510
207
297
208
141
410
133
193
250
181
420
256
270
312
146
248
102
117
252
230
243
224
255
169
311
424
382
180
133
257
382
143
474
189
225
227
226
177
341
174
139
193
200
113
312
196
140
302
305
161
323
677
318
147
205
193
236
113
244
244
281
170
261
168
197
258
415
278
193
144
202
347
140
220
536
345
262
232
182
143
444
217
108
351
241
282
120
241
208
236
156
406
254
401
291
80
195
118
298
179
160
321
154
116
127
300
183
237
159
207
500
273
159
195
138
178
337
438
167
180
190
177
363
280
339
345
231
138
307
248
212
195
169
155
188
129
295
129
324
151
278
169
154
327
330
492
156
348
145
171
224
350
132
222
327
530
119
113
381
461
334
132
230
181
280
109
202
237
108
244
394
337
298
298
213
122
110
135
194
136
136
218
108
127
153
147
451
127
287
133
179
172
98
252
343
266
270
256
144
195
245
200
184
305
201
130
188
376
130
176
384
119
442
229
161
169
191
174
162
130
254
241
171
349
236
133
200
230
122
139
116
303
159
95
217
159
169
111
182
241
304
179
122
126
214
227
137
133
494
182
129
236
135
127
229
248
233
136
315
325
251
225
123
188
136
639
202
98
121
157
117
289
179
153
143
185
116
205
428
122
264
399
219
699
240
109
275
367
473
212
157
188
130
207
344
141
401
136
202
325
177
133
96
192
387
227
293
275
474
185
478
169
115
166
201
180
170
178
239
244
246
213
82
79
165
478
173
348
338
278
172
282
199
103
287
109
174
136
313
109
339
251
184
166
142
541
314
528
277
201
130
167
291
126
263
320
267
157
126
147
227
151
286
112
348
199
358
279
200
213
81
336
150
368
108
300
84
222
130
233
376
322
261
145
256
178
138
223
107
198
173
218
166
131
205
297
243
321
265
213
353
274
66
102
410
148
219
517
193
262
288
241
521
165
293
158
141
198
237
360
202
357
138
244
198
215
263
189
248
260
147
273
344
212
86
155
479
263
237
148
380
349
162
168
248
446
156
168
209
148
229
152
317
144
116
241
137
465
102
245
368
345
357
267
187
150
184
138
301
143
507
279
128
72
306
340
113
229
192
162
169
184
239
289
278
201
244
241
163
178
198
178
114
133
110
209
223
263
206
187
218
358
88
144
359
84
196
206
156
75
159
110
88
322
113
521
140
149
162
124
148
252
222
396
334
111
129
247
272
215
199
169
421
256
277
143
137
160
113
334
427
182
104
268
185
261
214
148
148
245
245
215
184
352
227
209
246
294
178
220
165
226
346
118
115
163
181
178
149
184
477
193
103
272
132
380
113
177
256
172
186
129
197
138
235
142
299
161
315
114
105
384
184
147
179
380
141
176
158
167
172
225
187
365
140
218
190
167
134
230
194
159
305
122
269
243
132
306
155
312
165
107
243
256
206
194
148
311
165
277
219
191
163
230
398
231
192
162
285
150
138
168
165
268
154
138
154
231
200
153
240
160
434
337
155
681
214
129
230
249
319
404
200
384
173
265
88
75
179
197
146
287
109
202
277
191
130
236
132
145
187
224
227
146
267
213
310
214
329
526
172
288
124
269
221
157
275
136
191
274
172
303
300
189
128
114
246
197
189
215
265
211
127
151
96
439
262
277
299
209
168
143
100
153
106
144
191
144
82
90
152
144
405
150
257
228
126
157
341
187
195
360
218
163
165
138
142
273
86
163
234
177
166
228
187
147
220
302
213
300
217
428
224
208
204
117
153
157
269
157
221
216
316
252
118
164
145
178
96
98
269
128
224
188
162
124
160
172
203
357
240
345
275
194
185
138
336
126
351
204
183
358
377
184
240
169
171
158
449
145
78
123
124
117
152
226
287
245
248
216
174
148
349
134
230
120
147
169
160
113
190
262
180
252
163
147
205
238
113
125
190
136
162
142
200
205
190
352
583
106
148
242
124
550
222
174
146
535
314
229
621
139
114
526
232
108
171
152
286
198
190
225
134
244
448
126
192
112
94
131
209
201
238
196
192
246
156
143
415
122
201
127
104
240
201
268
362
172
190
254
136
376
335
134
127
121
345
260
250
125
125
362
155
112
168
292
159
152
355
267
228
179
162
240
202
245
188
247
819
173
311
227
382
155
239
131
177
228
156
229
102
262
214
845
182
409
142
220
117
396
78
173
283
216
157
135
337
248
161
251
377
80
149
178
228
136
270
318
161
140
154
209
239
174
147
240
190
118
212
230
187
225
161
209
136
188
208
150
165
225
232
149
162
157
232
191
157
224
93
142
319
202
63
262
214
203
131
317
111
237
186
203
180
99
350
123
261
179
103
159
172
219
258
264
207
72
189
473
84
248
187
154
241
191
141
244
136
180
150
230
169
248
155
293
164
133
158
213
162
176
286
172
402
186
121
120
275
213
180
171
224
472
214
131
262
139
151
287
164
163
100
121
117
111
114
156
351
254
169
104
177
170
197
221
90
295
314
215
180
266
213
126
248
230
142
274
192
108
198
184
255
159
108
205
188
151
88
309
158
274
111
135
204
321
216
127
363
381
239
156
154
221
372
364
181
248
259
108
255
209
348
136
272
201
119
171
181
398
206
143
245
146
138
330
385
222
123
134
172
214
180
186
170
171
248
276
448
239
161
117
81
718
189
199
106
252
389
131
222
146
240
139
306
328
207
122
596
135
138
231
125
153
170
171
478
309
206
166
160
284
279
193
285
163
237
324
164
129
200
373
220
236
190
163
193
141
344
310
138
128
391
219
198
258
264
181
374
208
224
232
215
122
296
159
84
155
182
273
189
193
288
175
75
170
285
157
220
151
295
110
238
108
214
195
310
99
185
306
236
339
346
329
196
269
128
136
79
147
585
191
167
110
185
241
311
242
189
225
139
344
151
211
128
142
109
191
193
288
204
176
148
142
137
180
157
218
204
122
193
270
185
200
188
245
116
110
216
111
348
136
209
107
158
229
218
159
150
185
160
120
189
207
229
599
390
142
355
153
174
71
94
143
171
150
303
163
138
447
107
158
223
267
197
139
175
225
174
173
302
152
218
265
240
218
167
249
272
266
153
388
186
134
135
349
172
166
152
179
453
373
219
375
131
171
329
111
114
234
197
180
205
321
232
255
184
167
123
186
227
162
138
187
214
217
166
169
392
187
143
228
155
267
157
116
155
127
127
294
254
305
188
194
534
180
227
156
177
198
403
168
246
116
241
201
161
195
108
233
152
292
117
178
140
200
175
176
324
252
233
110
253
194
256
244
145
280
97
165
323
171
157
178
251
139
222
166
339
119
176
135
162
269
129
177
213
70
371
256
467
194
143
200
214
360
269
114
178
133
133
167
424
206
190
188
162
162
270
189
218
148
145
138
336
180
188
160
90
188
175
141
183
170
222
173
134
157
245
129
127
170
133
187
208
235
272
161
148
188
246
142
296
149
141
253
254
118
185
401
182
192
146
231
140
173
102
281
157
119
183
199
299
140
229
119
215
283
189
297
231
127
132
199
135
269
470
226
201
353
219
364
260
253
183
247
244
187
125
124
343
118
197
238
182
97
385
158
190
224
151
132
98
171
107
125
175
195
121
384
99
214
155
142
169
179
231
217
228
125
123
109
165
143
200
181
180
333
233
195
185
114
108
148
89
144
185
184
288
226
187
261
136
172
164
164
122
180
253
155
134
123
201
93
159
163
390
155
126
299
158
302
159
143
111
154
94
244
145
229
223
235
150
216
134
492
99
169
193
186
248
260
134
130
127
345
186
210
124
176
139
379
166
97
109
170
218
108
389
71
126
93
176
221
173
159
135
167
201
242
193
86
267
177
312
144
182
177
179
178
166
125
109
168
153
244
190
125
95
194
218
269
287
160
138
222
352
129
150
218
249
153
94
118
346
182
150
193
131
234
205
221
69
158
188
201
246
112
235
157
71
114
91
363
208
250
132
192
190
113
179
313
225
228
189
169
238
190
182
239
67
357
220
160
109
241
192
186
162
312
385
271
187
134
232
86
261
213
137
151
127
90
210
201
142
285
208
372
94
245
159
143
206
105
141
267
115
172
123
120
205
292
150
186
189
81
128
150
304
208
182
274
199
143
291
210
210
232
172
117
338
154
158
317
233
245
108
231
277
158
202
190
108
299
210
210
257
120
98
215
146
161
185
155
190
197
149
80
194
186
169
111
142
266
185
111
231
146
221
127
134
187
135
200
321
249
494
147
175
143
107
168
129
151
103
212
194
221
138
150
335
321
227
163
125
176
114
157
172
152
176
175
242
185
127
250
152
225
564
244
87
248
114
220
179
100
144
110
217
326
246
285
100
299
278
131
246
122
210
126
299
242
176
193
120
122
364
188
235
141
100
124
204
236
85
199
239
163
128
150
158
183
181
240
99
214
162
140
184
134
134
118
165
164
177
97
178
232
203
190
118
159
176
269
137
248
227
129
227
123
192
155
188
193
182
357
186
229
290
271
231
109
179
106
112
181
141
133
191
142
292
200
209
204
207
238
201
181
340
239
222
141
153
326
265
289
126
200
353
297
177
219
412
144
212
286
156
139
319
104
123
178
183
160
117
169
264
246
184
136
268
275
226
219
158
133
179
251
161
155
238
197
142
175
267
168
220
184
223
230
214
206
244
272
149
130
188
214
146
139
234
215
190
311
230
104
141
142
195
125
194
263
111
226
239
89
120
152
214
293
147
120
139
174
234
181
147
194
297
192
190
132
169
125
157
146
164
215
229
200
194
315
209
165
199
338
205
134
214
244
119
112
223
211
199
210
190
198
187
210
165
167
169
63
155
246
140
258
308
217
184
227
222
264
139
188
123
89
157
170
87
138
263
165
233
233
167
204
164
164
125
172
198
260
246
126
130
156
251
158
176
208
151
154
159
141
154
161
187
359
137
87
235
162
396
146
271
241
119
303
172
244
203
150
182
169
206
301
325
99
223
202
206
215
186
243
221
114
245
209
237
350
93
323
164
142
124
207
150
150
190
159
153
135
118
139
133
220
164
121
204
230
226
144
332
300
158
141
311
189
111
194
220
265
170
243
208
214
183
176
143
168
211
256
208
112
133
177
203
181
239
234
172
224
197
157
260
130
188
233
316
146
186
247
137
233
204
126
230
183
234
79
187
111
153
203
178
215
195
155
126
150
310
121
98
111
204
80
136
165
197
442
146
86
293
156
228
143
106
251
172
106
346
255
123
191
166
125
167
176
165
255
150
173
115
168
150
478
134
130
172
155
181
162
122
147
209
332
182
375
126
93
194
108
198
132
144
170
197
359
331
188
133
177
234
264
180
286
103
129
130
174
265
276
215
152
243
99
104
201
177
217
123
193
209
169
170
314
194
145
163
126
223
167
103
135
331
82
197
169
144
116
127
188
176
176
222
150
227
213
161
248
160
165
137
203
197
280
173
211
396
161
106
144
338
276
189
163
137
212
108
173
241
298
148
137
229
193
290
220
252
141
224
202
237
153
117
258
139
154
140
273
292
169
148
176
223
185
132
151
191
200
180
175
205
268
224
212
286
105
224
326
262
192
121
118
93
120
183
147
173
142
124
202
189
155
183
131
121
149
187
193
196
241
123
140
126
109
299
216
226
187
194
144
187
233
133
99
119
185
227
99
219
112
99
110
137
241
177
135
84
105
72
158
104
153
93
151
210
113
87
96
112
181
232
96
126
137
79
